400.412	1114
400.915	1124
401.417	1136
401.92	1118
402.421	1120
402.925	1132
403.426	1111
403.93	1121
404.431	1143
404.934	1135
405.435	1133
405.939	1116
406.44	1118
406.941	1112
407.444	1106
407.945	1102
408.448	1116
408.949	1094
409.453	1094
409.954	1101
410.454	1107
410.957	1090
411.458	1099
411.959	1101
412.462	1092
412.963	1080
413.466	1084
413.967	1089
414.467	1085
414.97	1087
415.471	1090
415.971	1088
416.474	1064
416.975	1090
417.475	1100
417.978	1081
418.478	1094
418.979	1080
419.481	1089
419.982	1086
420.482	1089
420.983	1081
421.485	1081
421.985	1092
422.486	1089
422.988	1091
423.488	1081
423.988	1086
424.489	1078
424.991	1087
425.491	1069
425.991	1072
426.491	1084
426.991	1080
427.493	1082
427.993	1080
428.493	1084
428.993	1084
429.495	1080
429.995	1096
430.495	1092
430.995	1082
431.495	1095
431.994	1094
432.496	1084
432.996	1098
433.496	1092
433.995	1090
434.495	1092
434.995	1103
435.494	1102
435.996	1089
436.495	1110
436.995	1094
437.494	1104
437.994	1103
438.493	1110
438.993	1117
439.492	1114
439.991	1106
440.493	1128
440.992	1106
441.491	1108
441.99	1122
442.49	1128
442.989	1130
443.488	1110
443.987	1140
444.486	1125
444.985	1111
445.484	1118
445.983	1135
446.482	1126
446.981	1139
447.48	1120
447.979	1126
448.478	1117
448.977	1129
449.476	1128
449.974	1132
450.473	1126
450.972	1140
451.471	1153
451.969	1164
452.468	1168
452.967	1167
453.465	1158
453.964	1157
454.462	1164
454.961	1166
455.457	1189
455.956	1185
456.454	1198
456.953	1217
457.451	1201
457.95	1224
458.448	1214
458.946	1226
459.445	1207
459.943	1209
460.439	1198
460.937	1198
461.435	1178
461.933	1194
462.432	1184
462.93	1171
463.428	1165
463.924	1145
464.422	1140
464.92	1131
465.418	1131
465.916	1134
466.412	1115
466.909	1114
467.407	1125
467.905	1112
468.403	1112
468.899	1111
469.396	1105
469.894	1106
470.392	1098
470.887	1102
471.385	1114
471.883	1102
472.38	1120
472.876	1192
473.373	1330
473.871	1496
474.368	1696
474.864	1805
475.361	1862
475.858	1791
476.354	1647
476.851	1468
477.348	1286
477.844	1146
478.341	1092
478.838	1106
479.333	1088
479.831	1102
480.328	1097
480.823	1074
481.32	1098
481.817	1107
482.312	1084
482.809	1086
483.306	1092
483.801	1087
484.298	1099
484.793	1076
485.289	1088
485.786	1087
486.281	1082
486.778	1066
487.273	1090
487.769	1091
488.266	1082
488.761	1082
489.257	1089
489.752	1090
490.249	1084
490.743	1091
491.24	1098
491.734	1094
492.231	1094
492.725	1083
493.222	1089
493.716	1088
494.212	1090
494.707	1092
495.203	1072
495.697	1088
496.194	1086
496.688	1091
497.184	1086
497.678	1089
498.174	1090
498.669	1097
499.165	1090
499.659	1080
500.155	1097
500.649	1087
501.143	1072
501.639	1095
502.133	1102
502.629	1082
503.123	1099
503.618	1095
504.112	1087
504.606	1091
505.102	1093
505.596	1098
506.089	1091
506.585	1101
507.079	1092
507.574	1090
508.068	1081
508.562	1100
509.057	1099
509.551	1085
510.044	1108
510.54	1092
511.033	1094
511.527	1091
512.022	1103
512.515	1105
513.009	1100
513.502	1095
513.997	1102
514.491	1093
514.984	1097
515.479	1105
515.972	1088
516.465	1087
516.959	1086
517.454	1098
517.947	1095
518.44	1088
518.933	1106
519.428	1091
519.921	1104
520.414	1088
520.907	1106
521.4	1105
521.894	1104
522.387	1096
522.88	1104
523.373	1110
523.866	1097
524.36	1118
524.853	1121
525.346	1128
525.838	1128
526.331	1118
526.824	1136
527.318	1140
527.811	1141
528.303	1140
528.796	1171
529.288	1175
529.781	1179
530.273	1187
530.765	1208
531.258	1192
531.752	1226
532.245	1234
532.737	1264
533.229	1272
533.721	1289
534.213	1279
534.706	1262
535.198	1283
535.69	1276
536.182	1256
536.674	1236
537.166	1245
537.658	1226
538.15	1213
538.642	1231
539.134	1199
539.626	1196
540.118	1186
540.61	1173
541.101	1163
541.593	1150
542.085	1151
542.577	1138
543.068	1142
543.56	1143
544.052	1123
544.543	1123
545.035	1108
545.527	1124
546.018	1099
546.51	1112
547.001	1102
547.493	1113
547.984	1102
548.474	1097
548.965	1098
549.456	1095
549.948	1100
550.439	1088
550.93	1086
551.422	1092
551.913	1088
552.404	1084
552.893	1093
553.384	1090
553.875	1094
554.367	1091
554.858	1083
555.349	1082
555.838	1080
556.329	1082
556.82	1086
557.311	1084
557.802	1080
558.292	1088
558.781	1088
559.272	1082
559.763	1080
560.254	1070
560.742	1086
561.233	1074
561.724	1070
562.215	1086
562.703	1075
563.194	1068
563.685	1087
564.175	1072
564.664	1065
565.154	1074
565.645	1082
566.135	1091
566.624	1076
567.114	1080
567.604	1076
568.093	1075
568.583	1072
569.073	1085
569.562	1081
570.052	1076
570.542	1083
571.03	1073
571.521	1077
572.011	1084
572.499	1070
572.989	1073
573.479	1081
573.967	1086
574.457	1076
574.945	1070
575.435	1076
575.925	1082
576.413	1070
576.903	1072
577.391	1070
577.88	1092
578.37	1076
578.858	1069
579.348	1079
579.835	1075
580.325	1081
580.813	1072
581.302	1084
581.79	1074
582.28	1074
582.767	1068
583.257	1074
583.746	1073
584.234	1068
584.723	1076
585.211	1071
585.7	1076
586.188	1074
586.675	1082
587.164	1081
587.651	1056
588.141	1072
588.628	1078
589.117	1073
589.604	1054
590.094	1074
590.581	1086
591.07	1072
591.557	1082
592.044	1074
592.533	1070
593.02	1070
593.509	1089
593.996	1074
594.483	1082
594.972	1082
595.459	1087
595.948	1071
596.435	1074
596.921	1083
597.41	1076
597.897	1072
598.384	1078
598.872	1082
599.359	1069
599.846	1067
600.334	1073
600.821	1074
601.307	1072
601.796	1071
602.282	1076
602.769	1072
603.257	1073
603.744	1070
604.23	1089
604.717	1082
605.205	1075
605.691	1077
606.178	1075
606.664	1068
607.152	1067
607.638	1084
608.125	1080
608.611	1072
609.099	1076
609.585	1086
610.071	1069
610.557	1076
611.043	1088
611.531	1074
612.017	1072
612.503	1077
612.989	1066
613.475	1069
613.963	1070
614.449	1058
614.935	1072
615.421	1078
615.906	1073
616.392	1081
616.878	1076
617.366	1066
617.851	1064
618.337	1067
618.823	1084
619.308	1068
619.794	1083
620.279	1081
620.765	1081
621.25	1075
621.736	1080
622.223	1072
622.709	1078
623.194	1080
623.679	1077
624.165	1068
624.65	1080
625.135	1065
625.621	1076
626.106	1062
626.591	1064
627.076	1082
627.561	1076
628.047	1069
628.532	1072
629.017	1075
629.502	1075
629.987	1063
630.472	1086
630.957	1070
631.442	1078
631.927	1082
632.412	1074
632.896	1079
633.381	1065
633.866	1084
634.351	1078
634.836	1066
635.318	1080
635.803	1073
636.288	1091
636.773	1072
637.257	1068
637.742	1078
638.226	1058
638.711	1072
639.196	1084
639.68	1078
640.163	1062
640.647	1081
641.131	1087
641.616	1072
642.1	1072
642.585	1084
643.067	1070
643.551	1065
644.035	1091
644.52	1072
645.004	1080
645.488	1077
645.97	1078
646.455	1075
646.939	1075
647.423	1078
647.907	1072
648.389	1088
648.873	1075
649.357	1065
649.841	1079
650.323	1077
650.807	1071
651.291	1074
651.774	1081
652.256	1073
652.74	1076
653.224	1078
653.706	1080
654.189	1080
654.673	1083
655.157	1082
655.638	1076
656.122	1073
656.606	1098
657.087	1089
657.571	1078
658.054	1096
658.536	1075
659.019	1089
659.501	1083
659.984	1084
660.468	1094
660.949	1091
661.432	1076
661.916	1093
662.397	1099
662.88	1091
663.362	1095
663.845	1098
664.328	1093
664.809	1114
665.292	1109
665.773	1126
666.256	1120
666.738	1142
667.221	1138
667.704	1134
668.185	1132
668.668	1155
669.148	1160
669.631	1169
670.112	1165
670.595	1160
671.076	1156
671.559	1158
672.04	1149
672.522	1152
673.003	1120
673.486	1142
673.966	1133
674.449	1114
674.93	1118
675.412	1109
675.893	1108
676.374	1105
676.856	1101
677.337	1090
677.819	1097
678.299	1084
678.782	1085
679.262	1093
679.743	1091
680.225	1103
680.705	1082
681.188	1086
681.668	1087
682.148	1088
682.63	1080
683.111	1080
683.591	1087
684.073	1084
684.553	1086
685.033	1086
685.515	1074
685.995	1081
686.475	1087
686.957	1079
687.437	1084
687.917	1078
688.399	1085
688.879	1083
689.359	1083
689.841	1079
690.32	1086
690.8	1062
691.28	1077
691.762	1085
692.242	1074
692.721	1075
693.201	1082
693.682	1066
694.162	1068
694.642	1081
695.121	1076
695.603	1082
696.082	1070
696.562	1076
697.041	1070
697.521	1071
698.002	1076
698.481	1072
698.961	1075
699.44	1078
699.919	1082
700.399	1082
700.88	1081
701.359	1078
701.838	1077
702.318	1082
702.797	1085
703.276	1086
703.755	1072
704.236	1082
704.715	1076
705.194	1074
705.673	1082
706.152	1076
706.631	1078
707.11	1086
707.589	1087
708.068	1078
708.547	1074
709.025	1092
709.504	1093
709.983	1062
710.462	1078
710.942	1080
711.421	1066
711.9	1092
712.378	1090
712.857	1064
713.336	1074
713.814	1080
714.293	1084
714.771	1075
715.25	1064
715.728	1084
716.207	1077
716.685	1081
717.161	1079
717.64	1082
718.118	1076
718.597	1080
719.075	1078
719.553	1081
720.031	1075
720.51	1068
720.988	1096
721.466	1076
721.944	1080
722.422	1078
722.9	1071
723.376	1076
723.854	1088
724.332	1075
724.81	1090
725.288	1064
725.766	1081
726.244	1080
726.72	1073
727.198	1079
727.676	1078
728.154	1082
728.631	1079
729.109	1078
729.585	1076
730.063	1069
730.54	1080
731.018	1075
731.496	1093
731.971	1072
732.449	1086
732.926	1088
733.404	1080
733.879	1072
734.357	1068
734.834	1080
735.312	1080
735.787	1080
736.265	1078
736.742	1076
737.219	1072
737.695	1080
738.172	1080
738.649	1084
739.124	1079
739.602	1076
740.079	1087
740.556	1062
741.031	1076
741.508	1081
741.985	1078
742.46	1064
742.937	1078
743.412	1081
743.889	1077
744.366	1072
744.841	1073
745.318	1074
745.795	1072
746.27	1076
746.747	1083
747.221	1072
747.698	1072
748.175	1083
748.65	1074
749.126	1084
749.601	1074
750.078	1084
750.552	1076
751.029	1070
751.506	1077
751.98	1075
752.457	1084
752.931	1070
753.408	1071
753.882	1078
754.359	1070
754.833	1088
755.309	1081
755.784	1082
756.26	1082
756.734	1091
757.211	1084
757.685	1070
758.161	1080
758.635	1064
759.109	1086
759.586	1081
760.06	1079
760.536	1076
761.01	1088
761.486	1076
761.96	1078
762.434	1088
762.91	1078
763.384	1080
763.86	1089
764.334	1097
764.808	1081
765.284	1084
765.757	1092
766.233	1089
766.707	1090
767.181	1076
767.656	1098
768.13	1082
768.604	1097
769.08	1090
769.553	1102
770.027	1102
770.502	1106
770.976	1088
771.45	1110
771.925	1102
772.398	1104
772.872	1106
773.345	1102
773.821	1112
774.294	1086
774.768	1102
775.241	1108
775.716	1100
776.19	1108
776.663	1110
777.136	1102
777.611	1102
778.084	1102
778.558	1086
779.031	1118
779.504	1110
779.979	1097
780.452	1101
780.925	1080
781.398	1091
781.871	1085
782.346	1102
782.819	1080
783.292	1080
783.765	1074
784.238	1095
784.71	1080
785.183	1078
785.658	1090
786.131	1074
786.604	1081
787.076	1080
787.549	1084
788.022	1079
788.494	1091
788.967	1078
789.439	1075
789.912	1088
790.387	1082
790.859	1077
791.332	1082
791.804	1084
792.276	1076
792.749	1083
793.221	1085
793.694	1079
794.166	1086
794.638	1089
795.111	1079
795.583	1076
796.055	1085
796.527	1086
797	1073
797.472	1072
797.944	1085
798.416	1084
798.888	1079
799.36	1085
799.832	1072
800.304	1078
800.776	1088
801.248	1088
801.718	1083
802.19	1073
802.662	1086
803.134	1080
803.606	1094
804.078	1078
804.549	1095
805.021	1085
805.493	1088
805.965	1082
806.434	1078
806.906	1086
807.378	1089
807.849	1088
808.321	1082
808.793	1094
809.264	1080
809.734	1088
810.205	1093
810.677	1078
811.148	1072
811.62	1077
812.089	1087
812.56	1076
813.032	1098
813.503	1087
813.974	1088
814.444	1079
814.915	1095
815.386	1078
815.857	1080
816.327	1076
816.798	1072
817.269	1087
817.74	1074
818.209	1086
818.68	1080
819.151	1084
819.62	1080
820.091	1090
820.562	1089
821.031	1087
821.502	1095
821.973	1086
822.442	1090
822.913	1082
823.384	1084
823.852	1086
824.323	1096
824.794	1099
825.263	1103
825.733	1106
826.204	1103
826.673	1121
827.143	1103
827.612	1110
828.082	1108
828.553	1126
829.022	1138
829.492	1133
829.961	1148
830.431	1132
830.901	1149
831.37	1173
831.84	1176
832.309	1196
832.779	1210
833.247	1244
833.718	1254
834.186	1266
834.656	1295
835.124	1328
835.594	1342
836.063	1362
836.533	1383
837.001	1350
837.471	1352
837.939	1328
838.409	1294
838.877	1246
839.347	1243
839.815	1212
840.285	1214
840.753	1198
841.221	1194
841.691	1201
842.159	1195
842.628	1218
843.096	1190
843.566	1227
844.034	1238
844.501	1256
844.971	1264
845.439	1298
845.907	1310
846.376	1315.96
846.844	1357.31
847.313	1337.84
847.781	1351.5
848.248	1339.72
848.718	1340.08
849.185	1318.95
849.653	1297.38
850.122	1259.94
850.59	1264.82
851.057	1222.96
851.525	1216.21
851.994	1200.07
852.461	1167.87
852.928	1162.36
853.398	1164.02
853.865	1160.48
854.332	1147.05
854.799	1131.61
855.269	1121.96
855.736	1111.38
856.203	1120.18
856.67	1109.23
857.139	1116.11
857.606	1114.18
858.073	1110.85
858.54	1115.39
859.009	1102.83
859.476	1096.82
859.943	1102.72
860.41	1090.31
860.877	1100.25
861.344	1092.49
861.812	1089.69
862.279	1095.35
862.746	1092.08
863.213	1090
863.68	1091.83
864.146	1093.94
864.615	1091.58
865.082	1088.27
865.548	1088.17
866.015	1085.09
866.481	1085.71
866.948	1086.56
867.415	1089.7
867.881	1086.29
868.348	1087.1
868.814	1090.54
869.283	1086.07
869.749	1084.01
870.215	1080.99
870.682	1086.2
871.148	1076.59
871.614	1077.66
872.081	1089.63
872.547	1077.29
873.013	1078.85
873.479	1081.28
873.946	1087.36
874.412	1082.08
874.878	1082.16
875.344	1075.99
875.81	1079.85
876.276	1082.28
876.742	1076.82
877.208	1077.37
877.674	1076.12
878.141	1083.88
878.606	1084.24
879.072	1082.51
879.538	1072.91
880.004	1076.85
880.47	1079.78
880.936	1071.13
881.4	1073.09
881.866	1073.32
882.331	1079.8
882.797	1077.11
883.263	1068.79
883.729	1065.32
884.194	1068.27
884.66	1077.51
885.125	1077.02
885.589	1077.25
886.055	1079.98
886.52	1075.3
886.986	1078.47
887.451	1079.81
887.917	1066.14
888.382	1066.59
888.846	1079.26
889.311	1079.43
889.777	1078.57
890.242	1078.84
890.707	1073.38
891.171	1069.63
891.636	1074.39
892.101	1083.77
892.566	1081.56
893.032	1076.47
893.307	1080
893.778	1080
894.247	1078
894.718	1083
895.187	1077
895.658	1087
896.127	1083
896.598	1080
897.067	1083
897.538	1091
898.009	1080
898.478	1071
898.948	1085
899.417	1084
899.888	1078
900.357	1070
900.827	1089
901.296	1074
901.767	1082
902.235	1076
902.704	1089
903.174	1088
903.643	1095
904.113	1088
904.582	1078
905.052	1088
905.521	1088
905.991	1088
906.46	1072
906.928	1091
907.398	1084
907.867	1098
908.337	1090
908.805	1085
909.276	1094
909.744	1096
910.212	1093
910.682	1106
911.15	1096
911.618	1100
912.089	1118
912.557	1118
913.025	1130
913.495	1098
913.963	1124
914.431	1148
914.901	1124
915.369	1149
915.837	1150
916.306	1169
916.774	1142
917.242	1178
917.712	1181
918.18	1176
918.648	1178
919.117	1169
919.585	1180
920.053	1160
920.52	1169
920.99	1178
921.458	1183
921.925	1184
922.393	1187
922.862	1204
923.33	1220
923.797	1214
924.265	1224
924.732	1214
925.202	1220
925.669	1202
926.137	1197
926.604	1198
927.071	1182
927.541	1160
928.008	1154
928.475	1144
928.942	1137
929.41	1142
929.877	1122
930.346	1102
930.813	1114
931.28	1122
931.747	1113
932.214	1110
932.681	1108
933.148	1104
933.615	1100
934.084	1108
934.551	1099
935.018	1108
935.485	1096
935.952	1094
936.419	1095
936.886	1094
937.352	1090
937.819	1094
938.286	1098
938.753	1080
939.219	1100
939.686	1106
940.153	1086
940.619	1098
941.086	1110
941.553	1125
942.019	1124
942.486	1128
942.952	1148
943.419	1136
943.885	1152
944.352	1164
944.818	1164
945.284	1164
945.751	1164
946.217	1151
946.683	1164
947.15	1162
947.616	1153
948.082	1142
948.549	1132
949.015	1122
949.481	1124
949.947	1115
950.413	1103
950.879	1107
951.345	1102
951.809	1102
952.275	1092
952.741	1091
953.207	1086
953.673	1086
954.139	1082
954.605	1087
955.071	1086
955.535	1084
956.001	1091
956.467	1096
956.932	1090
957.398	1102
957.864	1093
958.328	1095
958.793	1098
959.259	1102
959.725	1111
960.19	1116
960.654	1104
961.12	1118
961.585	1132
962.051	1136
962.516	1148
962.98	1136
963.445	1136
963.91	1146
964.376	1126
964.839	1130
965.305	1134
965.77	1131
966.233	1134
966.699	1120
967.164	1114
967.629	1109
968.092	1098
968.557	1102
969.023	1091
969.486	1081
969.951	1094
970.416	1090
970.879	1080
971.344	1088
971.809	1088
972.272	1072
972.737	1081
973.202	1082
973.665	1090
974.13	1077
974.595	1085
975.058	1080
975.522	1082
975.985	1079
976.45	1072
976.915	1077
977.378	1085
977.842	1076
978.305	1078
978.77	1060
979.232	1074
979.697	1087
980.161	1086
980.624	1080
981.089	1071
981.551	1083
982.016	1084
982.478	1074
982.943	1067
983.405	1084
983.869	1079
984.332	1078
984.796	1074
985.259	1083
985.723	1074
986.185	1089
986.649	1089
987.112	1082
987.576	1074
988.038	1080
988.502	1082
988.964	1072
989.428	1078
989.891	1081
990.353	1079
990.817	1076
991.279	1080
991.743	1084
992.205	1078
992.669	1078
993.131	1070
993.593	1080
994.056	1066
994.518	1069
994.98	1081
995.444	1088
995.906	1080
996.369	1078
996.831	1086
997.293	1092
997.757	1086
998.218	1094
998.68	1086
999.144	1086
999.605	1080
1000.07	1089
1000.53	1097
1000.99	1088
1001.45	1094
1001.91	1092
1002.38	1099
1002.84	1097
1003.3	1095
1003.76	1102
1004.23	1096
1004.69	1100
1005.15	1092
1005.61	1101
1006.07	1097
1006.53	1081
1007	1101
1007.46	1089
1007.92	1095
1008.38	1088
1008.84	1091
1009.3	1074
1009.77	1097
1010.23	1080
1010.69	1076
1011.15	1086
1011.61	1084
1012.07	1081
1012.53	1084
1013	1076
1013.46	1084
1013.92	1074
1014.38	1075
1014.84	1082
1015.3	1080
1015.76	1078
1016.22	1078
1016.68	1082
1017.14	1085
1017.61	1074
1018.07	1084
1018.53	1084
1018.99	1081
1019.45	1066
1019.91	1094
1020.37	1088
1020.83	1074
1021.29	1080
1021.75	1090
1022.21	1078
1022.67	1078
1023.13	1091
1023.59	1088
1024.05	1092
1024.51	1085
1024.97	1078
1025.44	1098
1025.9	1090
1026.36	1100
1026.82	1098
1027.28	1100
1027.74	1098
1028.2	1094
1028.66	1110
1029.12	1106
1029.58	1116
1030.04	1107
1030.5	1108
1030.96	1112
1031.42	1103
1031.88	1092
1032.34	1096
1032.79	1102
1033.25	1106
1033.71	1109
1034.17	1092
1034.63	1087
1035.09	1101
1035.55	1101
1036.01	1085
1036.47	1095
1036.93	1089
1037.39	1094
1037.85	1091
1038.31	1092
1038.77	1092
1039.23	1070
1039.69	1089
1040.15	1088
1040.61	1080
1041.06	1091
1041.52	1080
1041.98	1090
1042.44	1087
1042.9	1084
1043.36	1094
1043.82	1074
1044.28	1080
1044.74	1078
1045.2	1094
1045.65	1093
1046.11	1079
1046.57	1080
1047.03	1077
1047.49	1072
1047.95	1071
1048.41	1090
1048.86	1072
1049.32	1084
1049.78	1068
1050.24	1072
1050.7	1088
1051.16	1078
1051.61	1081
1052.07	1090
1052.53	1080
1052.99	1080
1053.45	1088
1053.91	1078
1054.36	1072
1054.82	1076
1055.28	1081
1055.74	1092
1056.2	1070
1056.65	1081
1057.11	1080
1057.57	1082
1058.03	1076
1058.49	1082
1058.94	1080
1059.4	1075
1059.86	1075
1060.32	1085
1060.77	1076
1061.23	1072
1061.69	1072
1062.15	1068
1062.6	1083
1063.06	1085
1063.52	1078
1063.98	1082
1064.43	1083
1064.89	1087
1065.35	1076
1065.81	1086
1066.26	1087
1066.72	1086
1067.18	1079
1067.64	1090
1068.09	1099
1068.55	1086
1069.01	1099
1069.46	1083
1069.92	1092
1070.38	1084
1070.83	1097
1071.29	1094
1071.75	1093
1072.2	1104
1072.66	1110
1073.12	1104
1073.57	1110
1074.03	1108
1074.49	1090
1074.94	1108
1075.4	1114
1075.86	1114
1076.31	1125
1076.77	1124
1077.23	1128
1077.68	1133
1078.14	1132
1078.6	1124
1079.05	1138
1079.51	1145
1079.96	1149
1080.42	1156
1080.88	1151
1081.33	1156
1081.79	1162
1082.24	1156
1082.7	1146
1083.16	1159
1083.61	1156
1084.07	1147
1084.52	1141
1084.98	1145
1085.44	1139
1085.89	1146
1086.35	1130
1086.8	1122
1087.26	1122
1087.71	1133
1088.17	1122
1088.63	1109
1089.08	1107
1089.54	1104
1089.99	1113
1090.45	1101
1090.9	1103
1091.36	1104
1091.81	1096
1092.27	1092
1092.72	1084
1093.18	1092
1093.63	1088
1094.09	1076
1094.54	1088
1095	1094
1095.45	1084
1095.91	1081
1096.36	1080
1096.82	1084
1097.27	1089
1097.73	1082
1098.18	1084
1098.64	1078
1099.09	1090
1099.55	1078
1100	1084
1100.46	1074
1100.91	1068
1101.37	1080
1101.82	1076
1102.27	1083
1102.73	1076
1103.18	1082
1103.64	1095
1104.09	1076
1104.55	1082
1105	1093
1105.46	1075
1105.91	1084
1106.36	1089
1106.82	1086
1107.27	1083
1107.73	1088
1108.18	1066
1108.63	1089
1109.09	1080
1109.54	1080
1110	1088
1110.45	1077
1110.9	1082
1111.36	1095
1111.81	1085
1112.26	1101
1112.72	1098
1113.17	1096
1113.63	1076
1114.08	1084
1114.53	1082
1114.99	1084
1115.44	1080
1115.89	1086
1116.35	1100
1116.8	1096
1117.25	1090
1117.71	1100
1118.16	1080
1118.61	1092
1119.07	1088
1119.52	1094
1119.97	1088
1120.43	1115
1120.88	1104
1121.33	1114
1121.79	1110
1122.24	1116
1122.69	1110
1123.14	1117
1123.6	1100
1124.05	1128
1124.5	1126
1124.96	1125
1125.41	1124
1125.86	1122
1126.31	1136
1126.77	1132
1127.22	1142
1127.67	1162
1128.12	1144
1128.58	1142
1129.03	1178
1129.48	1171
1129.93	1170
1130.39	1184
1130.84	1172
1131.29	1170
1131.74	1178
1132.19	1171
1132.65	1154
1133.1	1156
1133.55	1147
1134	1154
1134.46	1126
1134.91	1133
1135.36	1130
1135.81	1134
1136.26	1126
1136.72	1106
1137.17	1106
1137.62	1104
1138.07	1105
1138.52	1110
1138.98	1117
1139.43	1088
1139.88	1111
1140.33	1092
1140.78	1104
1141.23	1094
1141.68	1086
1142.14	1094
1142.59	1095
1143.04	1090
1143.49	1097
1143.94	1095
1144.39	1095
1144.84	1114
1145.3	1098
1145.75	1094
1146.2	1105
1146.65	1101
1147.1	1100
1147.55	1092
1148	1095
1148.45	1098
1148.9	1104
1149.35	1096
1149.81	1103
1150.26	1095
1150.71	1082
1151.16	1084
1151.61	1082
1152.06	1092
1152.51	1082
1152.96	1098
1153.41	1096
1153.86	1093
1154.31	1085
1154.76	1101
1155.21	1087
1155.66	1080
1156.11	1082
1156.57	1094
1157.02	1085
1157.47	1080
1157.92	1081
1158.37	1087
1158.82	1088
1159.27	1088
1159.72	1090
1160.17	1082
1160.62	1086
1161.07	1079
1161.52	1088
1161.97	1093
1162.42	1084
1162.87	1079
1163.32	1082
1163.77	1091
1164.22	1087
1164.67	1105
1165.12	1090
1165.57	1100
1166.02	1087
1166.47	1098
1166.91	1091
1167.37	1099
1167.81	1083
1168.26	1101
1168.71	1104
1169.16	1100
1169.61	1107
1170.06	1110
1170.51	1114
1170.96	1108
1171.41	1114
1171.86	1120
1172.31	1120
1172.76	1142
1173.21	1140
1173.66	1130
1174.1	1146
1174.55	1142
1175	1138
1175.45	1147
1175.9	1145
1176.35	1150
1176.8	1142
1177.25	1128
1177.7	1142
1178.14	1150
1178.59	1145
1179.04	1128
1179.49	1144
1179.94	1134
1180.39	1134
1180.84	1114
1181.28	1140
1181.73	1132
1182.18	1137
1182.63	1152
1183.08	1154
1183.53	1157
1183.97	1164
1184.42	1162
1184.87	1178
1185.32	1164
1185.77	1170
1186.22	1183
1186.66	1144
1187.11	1188
1187.56	1176
1188.01	1181
1188.46	1182
1188.9	1163
1189.35	1175
1189.8	1168
1190.25	1148
1190.69	1152
1191.14	1126
1191.59	1126
1192.04	1129
1192.49	1116
1192.93	1102
1193.38	1113
1193.83	1112
1194.28	1088
1194.72	1104
1195.17	1101
1195.62	1100
1196.07	1095
1196.51	1087
1196.96	1102
1197.41	1092
1197.86	1082
1198.3	1102
1198.75	1096
1199.2	1090
1199.64	1076
1200.09	1083
1200.54	1094
1200.99	1076
1201.43	1089
1201.88	1102
1202.33	1085
1202.77	1080
1203.22	1094
1203.67	1093
1204.11	1084
1204.56	1087
1205.01	1080
1205.45	1091
1205.9	1074
1206.35	1074
1206.79	1087
1207.24	1074
1207.69	1087
1208.13	1084
1208.58	1095
1209.03	1076
1209.47	1078
1209.92	1085
1210.36	1075
1210.81	1090
1211.26	1081
1211.7	1080
1212.15	1081
1212.6	1081
1213.04	1081
1213.49	1078
1213.93	1080
1214.38	1073
1214.83	1078
1215.27	1086
1215.72	1076
1216.16	1088
1216.61	1078
1217.05	1082
1217.5	1089
1217.95	1082
1218.39	1074
1218.84	1081
1219.28	1075
1219.73	1084
1220.17	1087
1220.62	1078
1221.07	1070
1221.51	1090
1221.96	1081
1222.4	1080
1222.85	1073
1223.29	1089
1223.74	1089
1224.18	1087
1224.63	1072
1225.07	1078
1225.52	1085
1225.96	1079
1226.41	1098
1226.85	1072
1227.3	1086
1227.74	1074
1228.19	1084
1228.63	1088
1229.08	1090
1229.52	1074
1229.97	1080
1230.41	1089
1230.86	1093
1231.3	1095
1231.75	1074
1232.19	1082
1232.64	1082
1233.08	1084
1233.53	1091
1233.97	1103
1234.41	1102
1234.86	1090
1235.3	1099
1235.75	1106
1236.19	1101
1236.64	1093
1237.08	1097
1237.53	1117
1237.97	1102
1238.41	1104
1238.86	1100
1239.3	1104
1239.75	1110
1240.19	1106
1240.63	1114
1241.08	1093
1241.52	1100
1241.97	1102
1242.41	1100
1242.85	1103
1243.3	1093
1243.74	1092
1244.19	1094
1244.63	1095
1245.07	1083
1245.52	1082
1245.96	1090
1246.4	1078
1246.85	1096
1247.29	1083
1247.73	1080
1248.18	1079
1248.62	1089
1249.06	1066
1249.51	1072
1249.95	1077
1250.39	1074
1250.84	1083
1251.28	1081
1251.72	1070
1252.17	1086
1252.61	1078
1253.05	1077
1253.5	1084
1253.94	1070
1254.38	1078
1254.83	1080
1255.27	1085
1255.71	1078
1256.15	1072
1256.6	1081
1257.04	1079
1257.48	1070
1257.92	1070
1258.37	1076
1258.81	1085
1259.25	1078
1259.7	1082
1260.14	1084
1260.58	1085
1261.02	1084
1261.47	1080
1261.91	1082
1262.35	1076
1262.79	1084
1263.24	1088
1263.68	1068
1264.12	1083
1264.56	1075
1265	1080
1265.44	1081
1265.89	1076
1266.33	1080
1266.77	1083
1267.21	1078
1267.66	1083
1268.1	1082
1268.54	1081.95
1268.98	1078.87
1269.42	1088.53
1269.86	1083.7
1270.31	1077.9
1270.75	1079.59
1271.19	1090.3
1271.63	1072.5
1272.07	1084.43
1272.52	1078.28
1272.96	1077.43
1273.4	1079.37
1273.84	1075.91
1274.28	1086.11
1274.72	1079.38
1275.16	1076.54
1275.6	1075.87
1276.05	1082.43
1276.49	1074.83
1276.93	1085.3
1277.37	1083.24
1277.81	1081.66
1278.25	1079.1
1278.69	1073.84
1279.13	1089.59
1279.58	1083.61
1280.02	1089.62
1280.46	1086.09
1280.9	1077.12
1281.34	1090.53
1281.78	1068.66
1282.22	1087.66
1282.66	1069.8
1283.1	1077.94
1283.54	1083.57
1283.98	1082.78
1284.42	1086.02
1284.87	1080.79
1285.31	1084.58
1285.75	1082.7
1286.19	1078
1286.63	1082.28
1287.07	1082.6
1287.51	1088.69
1287.95	1093.75
1288.39	1087.24
1288.83	1091.83
1289.27	1091.53
1289.71	1085.11
1290.15	1095.29
1290.59	1095.02
1291.03	1096.46
1291.47	1099.42
1291.91	1098.8
1292.35	1106.47
1292.79	1112.7
1293.23	1115.96
1293.67	1117.5
1294.11	1121.84
1294.55	1126.77
1294.99	1136.06
1295.43	1131.95
1295.87	1144.22
1296.31	1151.86
1296.75	1148
1297.19	1155.18
1297.63	1153.94
1298.07	1151.03
1298.51	1143.12
1298.95	1143.83
1299.39	1137.56
1299.83	1126.93
1300.27	1119.51
1300.71	1113.03
1301.15	1114.05
1301.59	1113.08
1302.02	1114.43
1302.46	1109.35
1302.9	1107.89
1303.34	1098.31
1303.78	1097.43
1304.22	1105.69
1304.66	1107.6
1305.1	1099.06
1305.54	1100.6
1305.98	1101.6
1306.42	1098.16
1306.86	1106.19
1307.29	1106.68
1307.73	1106.87
1308.17	1095.01
1308.61	1102.21
1309.05	1102.01
1309.49	1109.16
1309.93	1112.73
1310.36	1115.67
1310.8	1129.96
1311.24	1138.03
1311.68	1133.47
1312.12	1139.29
1312.56	1164.87
1313	1158.91
1313.38	1158
1313.83	1163
1314.27	1166
1314.72	1166
1315.16	1177
1315.6	1180
1316.05	1163
1316.49	1165
1316.93	1151
1317.38	1157
1317.82	1152
1318.26	1148
1318.71	1148
1319.15	1137
1319.59	1162
1320.04	1146
1320.48	1141
1320.92	1134
1321.37	1148
1321.81	1137
1322.25	1128
1322.7	1142
1323.14	1145
1323.58	1130
1324.03	1134
1324.47	1140
1324.91	1116
1325.35	1140
1325.8	1120
1326.24	1124
1326.68	1136
1327.13	1118
1327.57	1125
1328.01	1133
1328.45	1129
1328.9	1118
1329.34	1139
1329.78	1132
1330.22	1134
1330.67	1118
1331.11	1136
1331.55	1140
1331.99	1149
1332.44	1126
1332.88	1151
1333.32	1160
1333.76	1178
1334.21	1180
1334.65	1173
1335.09	1199
1335.53	1228
1335.97	1230
1336.42	1244
1336.86	1273
1337.3	1274
1337.74	1307
1338.18	1329
1338.63	1348
1339.07	1355
1339.51	1367
1339.95	1390
1340.39	1364
1340.84	1394
1341.28	1376
1341.72	1376
1342.16	1378
1342.6	1366
1343.05	1356
1343.49	1377
1343.93	1362
1344.37	1340
1344.81	1335
1345.25	1314
1345.69	1324
1346.14	1310
1346.58	1315
1347.02	1280
1347.46	1280
1347.9	1252
1348.34	1250
1348.78	1249
1349.22	1227
1349.66	1224
1350.11	1237
1350.55	1194
1350.99	1208
1351.43	1200
1351.87	1190
1352.31	1192
1352.75	1193
1353.19	1176
1353.63	1178
1354.07	1180
1354.52	1180
1354.96	1180
1355.4	1174
1355.84	1162
1356.28	1171
1356.72	1172
1357.16	1162
1357.6	1154
1358.04	1160
1358.48	1145
1358.92	1157
1359.36	1158
1359.8	1146
1360.24	1159
1360.68	1176
1361.12	1160
1361.56	1171
1362	1174
1362.44	1160
1362.88	1162
1363.32	1174
1363.76	1157
1364.2	1156
1364.64	1149
1365.08	1152
1365.52	1132
1365.96	1140
1366.4	1139
1366.84	1130
1367.28	1138
1367.72	1124
1368.16	1140
1368.6	1121
1369.04	1134
1369.48	1140
1369.92	1122
1370.36	1139
1370.8	1163
1371.24	1139
1371.68	1169
1372.12	1168
1372.56	1155
1373	1163
1373.44	1142
1373.88	1148
1374.32	1151
1374.76	1098
1375.19	1108
1375.63	1125
1376.07	1120
1376.51	1096
1376.95	1111
1377.39	1115
1377.83	1111
1378.27	1096
1378.71	1109
1379.15	1104
1379.58	1097
1380.02	1094
1380.46	1104
1380.9	1109
1381.34	1091
1381.78	1098
1382.22	1095
1382.66	1096
1383.09	1101
1383.53	1086
1383.97	1105
1384.41	1106
1384.85	1116
1385.29	1114
1385.73	1092
1386.16	1111
1386.6	1116
1387.04	1128
1387.48	1113
1387.92	1111
1388.36	1118
1388.79	1116
1389.23	1106
1389.67	1120
1390.11	1098
1390.55	1113
1390.98	1106
1391.42	1104
1391.86	1091
1392.3	1094
1392.74	1109
1393.18	1096
1393.61	1108
1394.05	1100
1394.49	1105
1394.93	1090
1395.36	1095
1395.8	1106
1396.24	1101
1396.68	1094
1397.11	1091
1397.55	1100
1397.99	1102
1398.43	1104
1398.86	1107
1399.3	1100
1399.74	1111
1400.18	1120
1400.61	1106
1401.05	1111
1401.49	1111
1401.93	1118
1402.36	1126
1402.8	1132
1403.24	1133
1403.67	1138
1404.11	1150
1404.55	1148
1404.99	1160
1405.42	1170
1405.86	1184
1406.3	1162
1406.73	1174
1407.17	1181
1407.61	1197
1408.04	1183
1408.48	1199
1408.92	1184
1409.35	1181
1409.79	1184
1410.23	1179
1410.66	1188
1411.1	1168
1411.54	1182
1411.97	1176
1412.41	1172
1412.85	1166
1413.28	1164
1413.72	1163
1414.16	1149
1414.59	1167
1415.03	1145
1415.47	1157
1415.9	1148
1416.34	1148
1416.77	1143
1417.21	1152
1417.65	1137
1418.08	1144
1418.52	1120
1418.95	1138
1419.39	1124
1419.82	1127
1420.26	1116
1420.7	1125
1421.13	1123
1421.57	1115
1422	1096
1422.44	1114
1422.88	1111
1423.31	1092
1423.75	1107
1424.18	1107
1424.62	1078
1425.05	1090
1425.49	1099
1425.92	1096
1426.36	1098
1426.8	1094
1427.23	1097
1427.67	1091
1428.1	1096
1428.54	1099
1428.97	1082
1429.41	1094
1429.84	1091
1430.28	1084
1430.71	1091
1431.15	1093
1431.58	1099
1432.02	1105
1432.45	1092
1432.89	1100
1433.32	1096
1433.76	1105
1434.19	1103
1434.63	1096
1435.06	1096
1435.5	1096
1435.93	1096
1436.37	1096
1436.8	1112
1437.24	1126
1437.67	1105
1438.11	1110
1438.54	1117
1438.97	1132
1439.41	1124
1439.84	1108
1440.28	1123
1440.71	1122
1441.15	1094
1441.58	1122
1442.01	1116
1442.45	1125
1442.88	1126
1443.32	1111
1443.75	1106
1444.19	1124
1444.62	1124
1445.05	1104
1445.49	1124
1445.92	1118
1446.36	1128
1446.79	1132
1447.22	1152
1447.66	1153
1448.09	1144
1448.52	1158
1448.96	1159
1449.39	1163
1449.83	1183
1450.26	1184
1450.69	1198
1451.13	1214
1451.56	1211
1451.99	1236
1452.43	1258
1452.86	1292
1453.29	1344
1453.73	1391
1454.16	1479
1454.59	1557
1455.03	1615
1455.46	1590
1455.89	1614
1456.33	1576
1456.76	1509
1457.19	1465
1457.63	1390
1458.06	1344
1458.49	1309
1458.93	1297
1459.36	1240
1459.79	1232
1460.23	1224
1460.66	1192
1461.09	1201
1461.52	1217
1461.95	1214
1462.39	1202
1462.82	1216
1463.25	1168
1463.69	1188
1464.12	1192
1464.55	1186
1464.99	1168
1465.42	1193
1465.85	1182
1466.28	1178
1466.71	1173
1467.15	1152
1467.58	1176
1468.01	1164
1468.44	1172
1468.88	1170
1469.31	1166
1469.74	1152
1470.17	1171
1470.6	1170
1471.04	1179
1471.47	1168
1471.9	1175
1472.33	1162
1472.76	1180
1473.2	1177
1473.63	1163
1474.06	1166
1474.49	1171
1474.92	1152
1475.36	1133
1475.79	1140
1476.22	1138
1476.65	1133
1477.08	1123
1477.51	1137
1477.95	1123
1478.38	1116
1478.81	1114
1479.24	1125
1479.67	1118
1480.1	1106
1480.54	1120
1480.97	1104
1481.4	1106
1481.83	1096
1482.26	1100
1482.69	1106
1483.12	1107
1483.55	1096
1483.98	1101
1484.42	1101
1484.85	1099
1485.28	1110
1485.71	1100
1486.14	1102
1486.57	1098
1487	1099
1487.43	1098
1487.86	1088
1488.3	1080
1488.73	1098
1489.16	1082
1489.59	1096
1490.02	1086
1490.45	1095
1490.88	1096
1491.31	1088
1491.74	1093
1492.17	1100
1492.6	1098
1493.03	1097
1493.46	1094
1493.89	1098
1494.32	1086
1494.75	1098
1495.18	1103
1495.61	1102
1496.04	1092
1496.48	1104
1496.9	1093
1497.33	1096
1497.77	1105
1498.19	1099
1498.62	1089
1499.06	1093
1499.48	1092
1499.91	1100
1500.35	1088
1500.77	1100
1501.2	1095
1501.63	1106
1502.06	1103
1502.49	1096
1502.92	1101
1503.35	1102
1503.78	1099
1504.21	1097
1504.64	1086
1505.07	1102
1505.5	1108
1505.93	1090
1506.36	1106
1506.79	1104
1507.22	1102
1507.65	1104
1508.08	1096
1508.51	1106
1508.94	1088
1509.36	1115
1509.79	1106
1510.22	1102
1510.65	1098
1511.08	1115
1511.51	1108
1511.94	1117
1512.37	1111
1512.8	1104
1513.23	1108
1513.66	1120
1514.09	1112
1514.51	1112
1514.94	1112
1515.37	1122
1515.8	1114
1516.23	1122
1516.66	1136
1517.09	1164
1517.52	1192
1517.94	1193
1518.37	1211
1518.8	1228
1519.23	1217
1519.66	1192
1520.09	1161
1520.52	1120
1520.94	1094
1521.37	1098
1521.8	1095
1522.23	1092
1522.66	1098
1523.09	1100
1523.51	1092
1523.94	1088
1524.37	1111
1524.8	1090
1525.22	1094
1525.65	1098
1526.08	1091
1526.51	1093
1526.94	1100
1527.37	1093
1527.79	1091
1528.22	1072
1528.65	1092
1529.08	1092
1529.5	1091
1529.93	1082
1530.36	1103
1530.79	1083
1531.21	1092
1531.64	1082
1532.07	1082
1532.5	1101
1532.92	1084
1533.35	1083
1533.78	1086
1534.21	1072
1534.63	1100
1535.06	1088
1535.49	1086
1535.92	1091
1536.34	1092
1536.77	1087
1537.2	1099
1537.62	1092
1538.05	1086
1538.48	1091
1538.91	1085
1539.33	1089
1539.76	1095
1540.19	1078
1540.61	1093
1541.04	1080
1541.47	1088
1541.9	1096
1542.32	1080
1542.75	1080
1543.18	1084
1543.6	1078
1544.03	1086
1544.46	1096
1544.88	1086
1545.31	1080
1545.73	1098
1546.16	1088
1546.59	1089
1547.01	1101
1547.44	1093
1547.87	1083
1548.29	1102
1548.72	1103
1549.15	1086
1549.57	1097
1550	1094
1550.42	1100
1550.85	1096
1551.28	1091
1551.7	1100
1552.13	1107
1552.55	1101
1552.98	1103
1553.41	1100
1553.83	1100
1554.26	1104
1554.69	1080
1555.11	1098
1555.54	1090
1555.96	1098
1556.39	1109
1556.81	1104
1557.24	1105
1557.66	1102
1558.09	1116
1558.52	1106
1558.94	1091
1559.37	1098
1559.79	1123
1560.22	1105
1560.64	1094
1561.07	1107
1561.49	1104
1561.92	1105
1562.34	1106
1562.77	1102
1563.2	1102
1563.62	1109
1564.04	1102
1564.47	1104
1564.9	1098
1565.32	1104
1565.75	1102
1566.17	1095
1566.6	1105
1567.02	1115
1567.44	1095
1567.87	1104
1568.3	1095
1568.72	1104
1569.14	1106
1569.57	1103
1569.99	1098
1570.42	1107
1570.84	1099
1571.27	1108
1571.69	1109
1572.12	1108
1572.54	1109
1572.97	1104
1573.39	1111
1573.82	1086
1574.24	1098
1574.66	1112
1575.09	1107
1575.51	1112
1575.94	1112
1576.36	1100
1576.79	1100
1577.21	1114
1577.63	1110
1578.06	1124
1578.48	1120
1578.91	1109
1579.33	1117
1579.75	1102
1580.18	1125
1580.6	1122
1581.03	1136
1581.45	1120
1581.87	1121
1582.3	1126
1582.72	1127
1583.15	1114
1583.57	1112
1583.99	1123
1584.42	1116
1584.84	1125
1585.26	1126
1585.69	1124
1586.11	1116
1586.53	1115
1586.96	1114
1587.38	1110
1587.8	1112
1588.23	1110
1588.65	1098
1589.07	1112
1589.5	1108
1589.92	1100
1590.34	1112
1590.77	1106
1591.19	1118
1591.61	1110
1592.04	1100
1592.46	1120
1592.88	1102
1593.3	1106
1593.73	1105
1594.15	1096
1594.57	1113
1595	1099
1595.42	1107
1595.84	1086
1596.27	1104
1596.69	1094
1597.11	1098
1597.53	1092
1597.96	1103
1598.38	1100
1598.8	1095
1599.22	1097
1599.65	1113
1600.07	1100
1600.49	1092
1600.91	1098
1601.34	1094
1601.76	1082
1602.18	1090
1602.6	1091
1603.02	1101
1603.45	1099
1603.87	1086
1604.29	1096
1604.71	1096
1605.14	1088
1605.56	1102
1605.98	1088
1606.4	1101
1606.82	1094
1607.25	1106
1607.67	1104
1608.09	1105
1608.51	1106
1608.93	1095
1609.35	1100
1609.78	1100
1610.2	1112
1610.62	1096
1611.04	1096
1611.46	1111
1611.89	1109
1612.31	1110
1612.73	1106
1613.15	1112
1613.57	1119
1613.99	1109
1614.41	1110
1614.83	1110
1615.26	1105
1615.68	1121
1616.1	1116
1616.52	1115
1616.94	1114
1617.36	1111
1617.78	1113
1618.21	1118
1618.63	1109
1619.05	1119
1619.47	1119
1619.89	1121
1620.31	1098
1620.73	1116
1621.15	1108
1621.57	1126
1621.99	1136
1622.41	1128
1622.83	1130
1623.26	1123
1623.68	1133
1624.1	1134
1624.52	1143
1624.94	1132
1625.36	1134
1625.78	1126
1626.2	1116
1626.62	1122
1627.04	1123
1627.46	1129
1627.88	1123
1628.3	1136
1628.72	1124
1629.14	1120
1629.56	1125
1629.98	1123
1630.4	1112
1630.82	1116
1631.24	1120
1631.66	1113
1632.08	1120
1632.5	1106
1632.92	1116
1633.34	1133
1633.76	1105
1634.18	1100
1634.6	1102
1635.02	1107
1635.44	1118
1635.86	1119
1636.28	1116
1636.7	1092
1637.12	1114
1637.54	1116
1637.96	1119
1638.38	1102
1638.8	1116
1639.22	1094
1639.64	1090
1640.06	1106
1640.48	1108
1640.9	1100
1641.32	1104
1641.74	1100
1642.16	1094
1642.57	1108
1642.99	1096
1643.41	1112
1643.83	1096
1644.25	1105
1644.67	1066
1645.09	1108
1645.51	1096
1645.93	1084
1646.35	1092
1646.77	1090
1647.19	1090
1647.6	1083
1648.02	1102
1648.44	1093
1648.86	1092
1649.28	1087
1649.7	1094
1650.12	1090
1650.54	1090
1650.95	1074
1651.37	1088
1651.79	1091
1652.21	1082
1652.63	1088
1653.05	1093
1653.46	1078
1653.88	1070
1654.3	1096
1654.72	1092
1655.14	1084
1655.56	1090
1655.98	1085
1656.39	1080
1656.81	1082
1657.23	1082
1657.65	1081
1658.07	1082
1658.48	1086
1658.9	1078
1659.32	1086
1659.74	1083
1660.16	1080
1660.57	1078
1660.99	1080
1661.41	1090
1661.83	1091
1662.25	1079
1662.66	1082
1663.08	1088
1663.5	1086
1663.92	1082
1664.33	1078
1664.75	1082
1665.17	1099
1665.59	1092
1666.01	1083
1666.42	1090
1666.84	1082
1667.26	1083.97
1667.67	1091.81
1668.09	1087.06
1668.51	1078.22
1668.93	1089.41
1669.34	1091.35
1669.76	1082.14
1670.18	1075.67
1670.6	1068.92
1671.01	1076.86
1671.43	1085.57
1671.85	1077.67
1672.26	1078.93
1672.68	1080.78
1673.1	1076.63
1673.51	1081.91
1673.93	1066.53
1674.35	1086.32
1674.77	1079.51
1675.18	1084.62
1675.6	1082.36
1676.02	1080.36
1676.43	1077.73
1676.85	1077.15
1677.27	1076.71
1677.68	1077.28
1678.1	1075.68
1678.52	1071.26
1678.93	1075.38
1679.35	1063.82
1679.77	1081.78
1680.18	1079.85
1680.6	1071.12
1681.01	1080.84
1681.43	1068.99
1681.85	1074.8
1682.26	1061.15
1682.68	1079.93
1683.1	1071.95
1683.51	1075.64
1683.93	1079.31
1684.35	1076.1
1684.76	1077.47
1685.18	1076.46
1685.59	1083.85
1686.01	1076.41
1686.43	1075.8
1686.84	1074.67
1687.26	1082.9
1687.67	1075.87
1688.09	1079.38
1688.5	1081.32
1688.92	1074.1
1689.34	1079.59
1689.75	1071.26
1690.17	1073.08
1690.58	1078.42
1691	1072.75
1691.42	1071.82
1691.83	1076.61
1692.24	1076.22
1692.66	1067.69
1693.08	1069.06
1693.49	1065.26
1693.91	1068.17
1694.32	1073.76
1694.74	1076.67
1695.15	1070.56
1695.57	1073.28
1695.98	1074.9
1696.4	1074.83
1696.81	1074.97
1697.23	1075.67
1697.64	1064.72
1698.06	1068.72
1698.48	1072.74
1698.89	1071.75
1699.3	1075.6
1699.72	1071.52
1700.14	1069.1
1700.55	1073.83
1700.97	1078.86
1701.38	1071.92
1701.79	1070.87
1702.21	1071.45
1702.62	1071.98
1703.04	1072.48
1703.45	1080.02
1703.87	1071.21
1704.28	1075.81
1704.7	1079.82
1705.11	1073.15
1705.53	1064.22
1705.94	1067.43
1706.35	1069.47
1706.77	1076.05
1707.18	1073.46
1707.6	1063.53
1708.01	1074.5
1708.43	1079.78
1708.84	1064.6
1709.24	1074
1709.66	1072
1710.08	1062
1710.5	1069
1710.92	1069
1711.33	1077
1711.75	1075
1712.17	1070
1712.59	1071
1713.01	1066
1713.43	1073
1713.85	1070
1714.27	1085
1714.69	1075
1715.11	1064
1715.53	1064
1715.95	1073
1716.37	1073
1716.78	1060
1717.2	1065
1717.62	1056
1718.04	1075
1718.46	1074
1718.88	1073
1719.3	1064
1719.72	1078
1720.13	1072
1720.55	1073
1720.97	1071
1721.39	1071
1721.81	1072
1722.23	1056
1722.65	1068
1723.06	1065
1723.48	1076
1723.9	1079
1724.32	1075
1724.74	1071
1725.16	1056
1725.57	1064
1725.99	1073
1726.41	1068
1726.83	1060
1727.25	1068
1727.66	1062
1728.08	1074
1728.5	1067
1728.92	1066
1729.34	1084
1729.76	1072
1730.17	1076
1730.59	1068
1731.01	1071
1731.43	1080
1731.85	1076
1732.26	1072
1732.68	1076
1733.1	1068
1733.52	1072
1733.93	1072
1734.35	1066
1734.77	1063
1735.19	1079
1735.6	1062
1736.02	1072
1736.44	1083
1736.86	1072
1737.27	1074
1737.69	1067
1738.11	1069
1738.53	1064
1738.94	1060
1739.36	1065
1739.78	1078
1740.19	1064
1740.61	1072
1741.03	1066
1741.45	1077
1741.86	1064
1742.28	1076
1742.7	1071
1743.11	1070
1743.53	1066
1743.95	1070
1744.37	1064
1744.78	1077
1745.2	1070
1745.62	1074
1746.03	1074
1746.45	1076
1746.87	1069
1747.28	1068
1747.7	1066
1748.12	1070
1748.53	1072
1748.95	1066
1749.37	1066
1749.78	1060
1750.2	1075
1750.62	1077
1751.03	1057
1751.45	1080
1751.86	1067
1752.28	1067
1752.7	1066
1753.11	1071
1753.53	1074
1753.95	1056
1754.36	1067
1754.78	1060
1755.19	1069
1755.61	1066
1756.03	1072
1756.44	1072
1756.86	1068
1757.27	1062
1757.69	1050
1758.11	1066
1758.52	1068
1758.94	1077
1759.35	1060
1759.77	1062
1760.18	1068
1760.6	1065
1761.02	1066
1761.43	1076
1761.85	1072
1762.26	1067
1762.68	1069
1763.1	1062
1763.51	1074
1763.93	1063
1764.34	1064
1764.76	1071
1765.17	1066
1765.59	1069
1766	1062
1766.42	1070
1766.83	1075
1767.25	1064
1767.66	1064
1768.08	1073
1768.49	1071
1768.91	1058
1769.32	1071
1769.74	1056
1770.16	1075
1770.57	1062
1770.98	1076
1771.4	1069
1771.82	1068
1772.23	1081
1772.64	1073
1773.06	1058
1773.47	1064
1773.89	1071
1774.3	1074
1774.72	1076
1775.13	1070
1775.55	1076
1775.96	1073
1776.38	1066
1776.79	1062
1777.21	1064
1777.62	1070
1778.03	1067
1778.45	1065
1778.86	1069
1779.28	1067
1779.69	1077
1780.11	1073
1780.52	1071
1780.94	1066
1781.35	1070
1781.76	1060
1782.18	1068
1782.59	1067
1783.01	1063
1783.42	1078
1783.83	1070
1784.25	1066
1784.66	1068
1785.08	1075
1785.49	1044
1785.9	1068
1786.32	1072
1786.73	1062
1787.14	1066
1787.56	1068
1787.97	1072
1788.39	1064
1788.8	1061
1789.21	1073
1789.63	1070
1790.04	1066
1790.45	1070
1790.87	1067
1791.28	1076
1791.69	1073
1792.11	1066
1792.52	1071
1792.93	1070
1793.35	1067
1793.76	1071
1794.17	1074
1794.59	1068
1795	1076
1795.41	1076
1795.83	1067
1796.24	1070
1796.65	1058
1797.07	1069
1797.48	1064
1797.89	1073
1798.31	1052
1798.72	1072
1799.13	1064
1799.54	1075
1799.96	1075
1800.37	1064
1800.78	1071
1801.19	1060
1801.61	1068
1802.02	1068
1802.43	1070
1802.84	1052
1803.26	1069
1803.67	1079
1804.08	1070
1804.5	1063
1804.91	1050
1805.32	1072
1805.73	1067
1806.15	1075
1806.56	1060
1806.97	1070
1807.38	1068
1807.8	1076
1808.21	1084
1808.62	1062
1809.03	1067
1809.44	1064
1809.86	1072
1810.27	1064
1810.68	1068
1811.09	1066
1811.5	1077
1811.92	1068
1812.33	1056
1812.74	1064
1813.15	1070
1813.56	1068
1813.98	1072
1814.39	1070
1814.8	1064
1815.21	1060
1815.62	1066
1816.03	1072
1816.45	1068
1816.86	1075
1817.27	1061
1817.68	1071
1818.09	1064
1818.5	1079
1818.91	1070
1819.33	1067
1819.74	1072
1820.15	1079
1820.56	1058
1820.97	1074
1821.38	1071
1821.79	1078
1822.21	1068
1822.62	1068
1823.03	1069
1823.44	1066
1823.85	1076
1824.26	1066
1824.67	1071
1825.08	1074
1825.49	1064
1825.9	1076
1826.32	1075
1826.73	1072
1827.14	1067
1827.55	1070
1827.96	1074
1828.37	1072
1828.78	1056
1829.19	1072
1829.6	1069
1830.01	1063
1830.42	1059
1830.83	1068
1831.24	1069
1831.65	1070
1832.06	1069
1832.48	1067
1832.89	1068
1833.3	1060
1833.71	1069
1834.12	1059
1834.53	1061
1834.94	1068
1835.35	1071
1835.76	1072
1836.17	1068
1836.58	1079
1836.99	1067
1837.4	1077
1837.81	1073
1838.22	1071
1838.63	1067
1839.04	1071
1839.45	1076
1839.86	1060
1840.27	1062
1840.68	1048
1841.09	1069
1841.5	1075
1841.91	1068
1842.32	1067
1842.73	1073
1843.14	1066
1843.55	1066
1843.96	1074
1844.36	1063
1844.77	1070
1845.18	1074
1845.59	1063
1846	1068
1846.41	1074
1846.82	1079
1847.23	1076
1847.64	1082
1848.05	1064
1848.46	1072
1848.87	1065
1849.28	1071
1849.69	1063
1850.1	1060
1850.5	1060
1850.91	1060
1851.32	1076
1851.73	1064
1852.14	1070
1852.55	1065
1852.96	1077
1853.37	1065
1853.78	1067
1854.19	1067
1854.59	1061
1855	1073
1855.41	1061
1855.82	1072
1856.23	1067
1856.64	1078
1857.05	1069
1857.46	1070
1857.86	1066
1858.27	1058
1858.68	1066
1859.09	1066
1859.5	1062
1859.91	1072
1860.32	1070
1860.72	1064
1861.13	1062
1861.54	1069
1861.95	1066
1862.36	1060
1862.77	1071
1863.17	1068
1863.58	1071
1863.99	1074
1864.4	1064
1864.81	1070
1865.21	1065
1865.62	1052
1866.03	1070
1866.44	1071
1866.85	1070
1867.25	1070
1867.66	1074
1868.07	1072
1868.48	1066
1868.88	1074
1869.29	1073
1869.7	1072
1870.11	1071
1870.52	1064
1870.92	1075
1871.33	1066
1871.74	1072
1872.15	1066
1872.55	1078
1872.96	1072
1873.37	1077
1873.78	1069
1874.18	1073
1874.59	1061
1875	1073
1875.41	1066
1875.81	1070
1876.22	1076
1876.63	1067
1877.03	1071
1877.44	1066
1877.85	1074
1878.26	1061
1878.66	1065
1879.07	1057
1879.48	1074
1879.88	1071
1880.29	1075
1880.7	1070
1881.1	1073
1881.51	1067
1881.92	1060
1882.32	1070
1882.73	1070
1883.14	1075
1883.54	1068
1883.95	1067
1884.36	1064
1884.77	1055
1885.17	1076
1885.58	1058
1885.98	1074
1886.39	1052
1886.8	1076
1887.2	1069
1887.61	1077
1888.02	1076
1888.42	1076
1888.83	1077
1889.24	1061
1889.64	1082
1890.05	1066
1890.45	1072
1890.86	1081
1891.27	1080
1891.67	1076
1892.08	1060
1892.48	1069
1892.89	1071
1893.3	1066
1893.7	1071
1894.11	1066
1894.51	1062
1894.92	1071
1895.33	1071
1895.73	1071
1896.14	1066
1896.54	1070
1896.95	1072
1897.35	1064
1897.76	1072
1898.17	1078
1898.57	1068
1898.98	1064
1899.38	1064
1899.79	1077
1900.19	1068
1900.6	1070
1901	1058
1901.41	1072
1901.81	1066
1902.22	1070
1902.63	1070
1903.03	1068
1903.44	1076
1903.84	1074
1904.25	1074
1904.65	1068
1905.06	1060
1905.46	1068
1905.87	1060
1906.27	1067
1906.68	1062
1907.08	1070
1907.49	1059
1907.89	1058
1908.3	1060
1908.7	1066
1909.11	1062
1909.51	1071
1909.92	1066
1910.32	1068
1910.72	1072
1911.13	1060
1911.53	1060
1911.94	1058
1912.34	1073
1912.75	1074
1913.15	1058
1913.56	1064
1913.96	1070
1914.37	1068
1914.77	1063
1915.17	1073
1915.58	1059
1915.98	1070
1916.39	1069
1916.79	1064
1917.2	1071
1917.6	1072
1918	1066
1918.41	1068
1918.81	1070
1919.22	1059
1919.62	1071
1920.02	1073
1920.43	1080
1920.83	1065
1921.24	1063
1921.64	1064
1922.04	1052
1922.45	1067
1922.85	1070
1923.26	1068
1923.66	1066
1924.06	1070
1924.47	1071
1924.87	1062
1925.27	1064
1925.68	1071
1926.08	1062
1926.48	1068
1926.89	1068
1927.29	1074
1927.69	1071
1928.1	1078
1928.5	1070
1928.91	1066
1929.31	1068
1929.71	1071
1930.11	1066
1930.52	1065
1930.92	1061
1931.32	1062
1931.73	1068
1932.13	1054
1932.53	1063
1932.94	1064
1933.34	1062
1933.74	1066
1934.15	1069
1934.55	1076
1934.95	1074
1935.35	1060
1935.76	1060
1936.16	1071
1936.56	1075
1936.97	1068
1937.37	1061
1937.77	1078
1938.17	1073
1938.58	1078
1938.98	1065
1939.38	1067
1939.78	1074
1940.19	1074
1940.59	1076
1940.99	1076
1941.39	1076
1941.8	1076
1942.2	1076
1942.6	1073
1943	1069
1943.41	1071
1943.81	1078
1944.21	1074
1944.61	1065
1945.01	1068
1945.42	1063
1945.82	1064
1946.22	1073
1946.62	1063
1947.02	1063
1947.43	1068
1947.83	1064
1948.23	1066
1948.63	1071
1949.03	1058
1949.44	1064
1949.84	1069
1950.24	1064
1950.64	1062
1951.04	1076
1951.44	1076
1951.85	1060
1952.25	1064
1952.65	1064
1953.05	1067
1953.45	1054
1953.85	1066
1954.26	1058
1954.66	1064
1955.06	1067
1955.46	1069
1955.86	1066
1956.26	1059
1956.66	1068
1957.07	1066
1957.47	1069
1957.87	1053
1958.27	1070
1958.67	1063
1959.07	1069
1959.47	1063
1959.87	1062
1960.27	1072
1960.68	1066
1961.08	1068
1961.48	1072
1961.88	1070
1962.28	1071
1962.68	1068
1963.08	1064
1963.48	1062
1963.88	1072
1964.28	1061
1964.68	1080
1965.09	1064
1965.49	1076
1965.89	1061
1966.29	1062
1966.69	1068
1967.09	1064
1967.49	1071
1967.89	1056
1968.29	1064
1968.69	1064
1969.09	1071
1969.49	1061
1969.89	1066
1970.29	1064
1970.69	1067
1971.09	1074
1971.49	1064
1971.89	1064
1972.29	1064
1972.69	1070
1973.09	1060
1973.49	1066
1973.89	1060
1974.29	1066
1974.69	1056
1975.09	1065
1975.49	1066
1975.89	1074
1976.29	1068
1976.69	1067
1977.09	1080
1977.49	1061
1977.89	1052
1978.29	1062
1978.69	1066
1979.09	1067
1979.49	1062
1979.89	1066
1980.29	1068
1980.69	1064
1981.09	1074
1981.49	1062
1981.89	1063
1982.29	1074
1982.69	1082
1983.08	1066
1983.48	1076
1983.88	1058
1984.28	1068
1984.68	1066
1985.08	1068
1985.48	1062
1985.88	1071
1986.28	1076
1986.68	1073
1987.08	1071
1987.47	1067
1987.87	1071
1988.27	1058
1988.67	1066
1989.07	1063
1989.47	1054
1989.87	1075
1990.27	1068
1990.67	1069
1991.06	1068
1991.46	1058
1991.86	1060
1992.26	1072
1992.66	1064
1993.06	1065
1993.46	1071
1993.86	1068
1994.25	1068
1994.65	1060
1995.05	1066
1995.45	1064
1995.85	1074
1996.25	1068
1996.64	1072
1997.04	1066
1997.44	1060
1997.84	1070
1998.24	1064
1998.64	1078
1999.03	1066
1999.43	1069
1999.83	1073
