400.412	1075
400.915	1092
401.417	1080
401.92	1087
402.421	1084
402.925	1083
403.426	1090
403.93	1095
404.431	1080
404.934	1084
405.435	1102
405.939	1090
406.44	1078
406.941	1085
407.444	1078
407.945	1075
408.448	1078
408.949	1084
409.453	1082
409.954	1078
410.454	1085
410.957	1086
411.458	1076
411.959	1077
412.462	1074
412.963	1080
413.466	1064
413.967	1072
414.467	1083
414.97	1075
415.471	1076
415.971	1079
416.474	1072
416.975	1072
417.475	1077
417.978	1078
418.478	1064
418.979	1067
419.481	1082
419.982	1076
420.482	1085
420.983	1062
421.485	1081
421.985	1068
422.486	1073
422.988	1081
423.488	1070
423.988	1075
424.489	1070
424.991	1072
425.491	1072
425.991	1062
426.491	1066
426.991	1080
427.493	1070
427.993	1069
428.493	1078
428.993	1076
429.495	1077
429.995	1072
430.495	1080
430.995	1076
431.495	1080
431.994	1083
432.496	1080
432.996	1085
433.496	1064
433.995	1088
434.495	1082
434.995	1087
435.494	1089
435.996	1085
436.495	1072
436.995	1078
437.494	1083
437.994	1070
438.493	1090
438.993	1084
439.492	1096
439.991	1090
440.493	1084
440.992	1094
441.491	1090
441.99	1092
442.49	1090
442.989	1100
443.488	1098
443.987	1100
444.486	1091
444.985	1106
445.484	1106
445.983	1096
446.482	1105
446.981	1084
447.48	1101
447.979	1098
448.478	1106
448.977	1091
449.476	1084
449.974	1106
450.473	1096
450.972	1104
451.471	1101
451.969	1105
452.468	1109
452.967	1112
453.465	1092
453.964	1106
454.462	1110
454.961	1118
455.457	1116
455.956	1124
456.454	1123
456.953	1126
457.451	1128
457.95	1125
458.448	1135
458.946	1140
459.445	1116
459.943	1130
460.439	1107
460.937	1132
461.435	1110
461.933	1130
462.432	1106
462.93	1118
463.428	1118
463.924	1096
464.422	1098
464.92	1097
465.418	1097
465.916	1098
466.412	1098
466.909	1088
467.407	1103
467.905	1086
468.403	1082
468.899	1083
469.396	1080
469.894	1072
470.392	1087
470.887	1076
471.385	1086
471.883	1097
472.38	1147
472.876	1259
473.373	1445
473.871	1660
474.368	1824
474.864	1870
475.361	1931
475.858	1821
476.354	1632
476.851	1422
477.348	1210
477.844	1111
478.341	1070
478.838	1092
479.333	1074
479.831	1076
480.328	1072
480.823	1074
481.32	1066
481.817	1075
482.312	1075
482.809	1073
483.306	1081
483.801	1075
484.298	1076
484.793	1070
485.289	1077
485.786	1080
486.281	1082
486.778	1072
487.273	1071
487.769	1078
488.266	1075
488.761	1082
489.257	1072
489.752	1082
490.249	1082
490.743	1083
491.24	1068
491.734	1084
492.231	1081
492.725	1066
493.222	1072
493.716	1082
494.212	1073
494.707	1072
495.203	1080
495.697	1071
496.194	1080
496.688	1070
497.184	1080
497.678	1076
498.174	1074
498.669	1080
499.165	1077
499.659	1076
500.155	1082
500.649	1081
501.143	1071
501.639	1075
502.133	1076
502.629	1081
503.123	1081
503.618	1068
504.112	1078
504.606	1087
505.102	1080
505.596	1079
506.089	1076
506.585	1091
507.079	1074
507.574	1084
508.068	1082
508.562	1086
509.057	1080
509.551	1080
510.044	1086
510.54	1072
511.033	1078
511.527	1077
512.022	1085
512.515	1076
513.009	1080
513.502	1083
513.997	1070
514.491	1078
514.984	1088
515.479	1078
515.972	1073
516.465	1072
516.959	1083
517.454	1080
517.947	1080
518.44	1078
518.933	1084
519.428	1077
519.921	1080
520.414	1082
520.907	1076
521.4	1076
521.894	1076
522.387	1082
522.88	1083
523.373	1073
523.866	1080
524.36	1094
524.853	1081
525.346	1089
525.838	1080
526.331	1074
526.824	1089
527.318	1095
527.811	1098
528.303	1082
528.796	1111
529.288	1113
529.781	1117
530.273	1113
530.765	1131
531.258	1130
531.752	1134
532.245	1122
532.737	1136
533.229	1135
533.721	1160
534.213	1154
534.706	1149
535.198	1140
535.69	1140
536.182	1151
536.674	1136
537.166	1124
537.658	1139
538.15	1136
538.642	1135
539.134	1118
539.626	1125
540.118	1117
540.61	1110
541.101	1096
541.593	1104
542.085	1102
542.577	1097
543.068	1096
543.56	1091
544.052	1091
544.543	1086
545.035	1080
545.527	1097
546.018	1085
546.51	1087
547.001	1092
547.493	1081
547.984	1083
548.474	1094
548.965	1084
549.456	1064
549.948	1075
550.439	1079
550.93	1089
551.422	1066
551.913	1082
552.404	1079
552.893	1072
553.384	1083
553.875	1083
554.367	1084
554.858	1084
555.349	1079
555.838	1071
556.329	1074
556.82	1073
557.311	1074
557.802	1068
558.292	1075
558.781	1073
559.272	1068
559.763	1070
560.254	1076
560.742	1074
561.233	1078
561.724	1076
562.215	1079
562.703	1083
563.194	1078
563.685	1074
564.175	1069
564.664	1081
565.154	1072
565.645	1058
566.135	1078
566.624	1072
567.114	1080
567.604	1080
568.093	1069
568.583	1087
569.073	1071
569.562	1072
570.052	1064
570.542	1072
571.03	1071
571.521	1074
572.011	1070
572.499	1076
572.989	1082
573.479	1073
573.967	1074
574.457	1063
574.945	1066
575.435	1070
575.925	1060
576.413	1062
576.903	1076
577.391	1060
577.88	1064
578.37	1074
578.858	1080
579.348	1072
579.835	1076
580.325	1080
580.813	1069
581.302	1081
581.79	1071
582.28	1073
582.767	1069
583.257	1068
583.746	1084
584.234	1076
584.723	1073
585.211	1071
585.7	1080
586.188	1074
586.675	1071
587.164	1080
587.651	1078
588.141	1070
588.628	1072
589.117	1080
589.604	1075
590.094	1073
590.581	1062
591.07	1072
591.557	1079
592.044	1072
592.533	1075
593.02	1073
593.509	1083
593.996	1066
594.483	1074
594.972	1064
595.459	1064
595.948	1074
596.435	1074
596.921	1072
597.41	1071
597.897	1077
598.384	1075
598.872	1072
599.359	1079
599.846	1068
600.334	1065
600.821	1070
601.307	1074
601.796	1070
602.282	1079
602.769	1074
603.257	1068
603.744	1071
604.23	1072
604.717	1072
605.205	1070
605.691	1070
606.178	1067
606.664	1080
607.152	1079
607.638	1073
608.125	1075
608.611	1063
609.099	1070
609.585	1068
610.071	1076
610.557	1068
611.043	1074
611.531	1073
612.017	1072
612.503	1073
612.989	1065
613.475	1077
613.963	1060
614.449	1076
614.935	1066
615.421	1074
615.906	1076
616.392	1078
616.878	1080
617.366	1059
617.851	1074
618.337	1066
618.823	1074
619.308	1076
619.794	1070
620.279	1063
620.765	1076
621.25	1081
621.736	1078
622.223	1066
622.709	1079
623.194	1060
623.679	1070
624.165	1077
624.65	1074
625.135	1062
625.621	1072
626.106	1076
626.591	1074
627.076	1058
627.561	1074
628.047	1085
628.532	1070
629.017	1076
629.502	1072
629.987	1068
630.472	1074
630.957	1081
631.442	1064
631.927	1076
632.412	1073
632.896	1076
633.381	1074
633.866	1076
634.351	1068
634.836	1068
635.318	1083
635.803	1072
636.288	1074
636.773	1074
637.257	1067
637.742	1072
638.226	1074
638.711	1074
639.196	1072
639.68	1086
640.163	1082
640.647	1066
641.131	1062
641.616	1073
642.1	1067
642.585	1062
643.067	1077
643.551	1067
644.035	1077
644.52	1065
645.004	1080
645.488	1081
645.97	1068
646.455	1069
646.939	1070
647.423	1070
647.907	1079
648.389	1075
648.873	1070
649.357	1075
649.841	1072
650.323	1073
650.807	1082
651.291	1082
651.774	1074
652.256	1079
652.74	1076
653.224	1084
653.706	1070
654.189	1072
654.673	1070
655.157	1072
655.638	1074
656.122	1080
656.606	1080
657.087	1080
657.571	1074
658.054	1074
658.536	1063
659.019	1073
659.501	1066
659.984	1082
660.468	1084
660.949	1074
661.432	1093
661.916	1082
662.397	1088
662.88	1080
663.362	1064
663.845	1080
664.328	1094
664.809	1091
665.292	1084
665.773	1084
666.256	1090
666.738	1096
667.221	1090
667.704	1109
668.185	1097
668.668	1100
669.148	1097
669.631	1096
670.112	1108
670.595	1099
671.076	1112
671.559	1100
672.04	1108
672.522	1099
673.003	1094
673.486	1090
673.966	1098
674.449	1098
674.93	1093
675.412	1090
675.893	1088
676.374	1097
676.856	1093
677.337	1064
677.819	1072
678.299	1084
678.782	1077
679.262	1079
679.743	1080
680.225	1098
680.705	1080
681.188	1072
681.668	1082
682.148	1078
682.63	1066
683.111	1075
683.591	1080
684.073	1087
684.553	1074
685.033	1083
685.515	1080
685.995	1076
686.475	1074
686.957	1068
687.437	1075
687.917	1075
688.399	1074
688.879	1078
689.359	1081
689.841	1070
690.32	1076
690.8	1072
691.28	1077
691.762	1071
692.242	1088
692.721	1090
693.201	1061
693.682	1074
694.162	1082
694.642	1076
695.121	1067
695.603	1075
696.082	1074
696.562	1079
697.041	1075
697.521	1056
698.002	1076
698.481	1077
698.961	1078
699.44	1077
699.919	1072
700.399	1078
700.88	1078
701.359	1071
701.838	1072
702.318	1070
702.797	1066
703.276	1085
703.755	1078
704.236	1077
704.715	1085
705.194	1074
705.673	1081
706.152	1077
706.631	1078
707.11	1074
707.589	1077
708.068	1080
708.547	1077
709.025	1070
709.504	1071
709.983	1070
710.462	1074
710.942	1084
711.421	1074
711.9	1076
712.378	1071
712.857	1064
713.336	1083
713.814	1078
714.293	1062
714.771	1078
715.25	1085
715.728	1072
716.207	1060
716.685	1082
717.161	1078
717.64	1081
718.118	1068
718.597	1078
719.075	1079
719.553	1074
720.031	1074
720.51	1077
720.988	1080
721.466	1082
721.944	1080
722.422	1065
722.9	1080
723.376	1073
723.854	1072
724.332	1070
724.81	1077
725.288	1082
725.766	1082
726.244	1067
726.72	1068
727.198	1082
727.676	1060
728.154	1077
728.631	1078
729.109	1066
729.585	1070
730.063	1074
730.54	1086
731.018	1072
731.496	1076
731.971	1069
732.449	1067
732.926	1064
733.404	1082
733.879	1082
734.357	1072
734.834	1071
735.312	1065
735.787	1086
736.265	1072
736.742	1075
737.219	1079
737.695	1074
738.172	1068
738.649	1074
739.124	1072
739.602	1079
740.079	1070
740.556	1074
741.031	1076
741.508	1066
741.985	1074
742.46	1075
742.937	1067
743.412	1061
743.889	1079
744.366	1080
744.841	1074
745.318	1076
745.795	1058
746.27	1074
746.747	1064
747.221	1091
747.698	1082
748.175	1078
748.65	1079
749.126	1072
749.601	1072
750.078	1075
750.552	1082
751.029	1072
751.506	1072
751.98	1083
752.457	1075
752.931	1078
753.408	1080
753.882	1084
754.359	1078
754.833	1070
755.309	1073
755.784	1086
756.26	1075
756.734	1078
757.211	1074
757.685	1083
758.161	1081
758.635	1073
759.109	1072
759.586	1076
760.06	1090
760.536	1076
761.01	1076
761.486	1084
761.96	1069
762.434	1075
762.91	1073
763.384	1076
763.86	1068
764.334	1079
764.808	1094
765.284	1083
765.757	1081
766.233	1078
766.707	1080
767.181	1083
767.656	1074
768.13	1081
768.604	1073
769.08	1079
769.553	1077
770.027	1089
770.502	1082
770.976	1092
771.45	1084
771.925	1081
772.398	1085
772.872	1088
773.345	1082
773.821	1080
774.294	1078
774.768	1084
775.241	1087
775.716	1092
776.19	1100
776.663	1080
777.136	1070
777.611	1076
778.084	1095
778.558	1086
779.031	1074
779.504	1081
779.979	1086
780.452	1100
780.925	1056
781.398	1082
781.871	1084
782.346	1087
782.819	1079
783.292	1070
783.765	1068
784.238	1077
784.71	1088
785.183	1075
785.658	1076
786.131	1081
786.604	1071
787.076	1095
787.549	1066
788.022	1067
788.494	1079
788.967	1086
789.439	1072
789.912	1080
790.387	1075
790.859	1070
791.332	1065
791.804	1074
792.276	1076
792.749	1073
793.221	1074
793.694	1074
794.166	1080
794.638	1068
795.111	1086
795.583	1078
796.055	1068
796.527	1075
797	1079
797.472	1081
797.944	1062
798.416	1080
798.888	1080
799.36	1080
799.832	1072
800.304	1071
800.776	1068
801.248	1079
801.718	1072
802.19	1078
802.662	1080
803.134	1064
803.606	1072
804.078	1080
804.549	1080
805.021	1066
805.493	1081
805.965	1074
806.434	1082
806.906	1084
807.378	1072
807.849	1084
808.321	1076
808.793	1088
809.264	1080
809.734	1072
810.205	1075
810.677	1078
811.148	1075
811.62	1061
812.089	1086
812.56	1070
813.032	1077
813.503	1081
813.974	1074
814.444	1074
814.915	1081
815.386	1076
815.857	1086
816.327	1072
816.798	1074
817.269	1073
817.74	1069
818.209	1080
818.68	1078
819.151	1084
819.62	1081
820.091	1085
820.562	1082
821.031	1092
821.502	1072
821.973	1081
822.442	1084
822.913	1076
823.384	1078
823.852	1083
824.323	1097
824.794	1092
825.263	1080
825.733	1087
826.204	1082
826.673	1066
827.143	1095
827.612	1081
828.082	1101
828.553	1098
829.022	1113
829.492	1096
829.961	1102
830.431	1100
830.901	1104
831.37	1100
831.84	1106
832.309	1117
832.779	1114
833.247	1138
833.718	1146
834.186	1151
834.656	1165
835.124	1172
835.594	1190
836.063	1214
836.533	1202
837.001	1198
837.471	1215
837.939	1196
838.409	1184
838.877	1168
839.347	1163
839.815	1150
840.285	1122
840.753	1135
841.221	1120
841.691	1116
842.159	1134
842.628	1130
843.096	1134
843.566	1136
844.034	1140
844.501	1163
844.971	1173
845.439	1163
845.907	1180
846.376	1198.89
846.844	1179.98
847.313	1201.46
847.781	1193.68
848.248	1217.55
848.718	1187.39
849.185	1181.36
849.653	1185.73
850.122	1165.96
850.59	1145.58
851.057	1135.23
851.525	1136.57
851.994	1133.35
852.461	1119.71
852.928	1106.34
853.398	1108.74
853.865	1106.53
854.332	1113.77
854.799	1101.18
855.269	1099.25
855.736	1092.25
856.203	1095.92
856.67	1097.76
857.139	1083.31
857.606	1086.87
858.073	1081.58
858.54	1084.25
859.009	1086.35
859.476	1087.42
859.943	1091.69
860.41	1080.63
860.877	1080.11
861.344	1084.92
861.812	1078.54
862.279	1086.14
862.746	1080.08
863.213	1076.75
863.68	1081.75
864.146	1075.09
864.615	1077.04
865.082	1079.43
865.548	1078.36
866.015	1074.9
866.481	1081.58
866.948	1075.02
867.415	1076.2
867.881	1074.4
868.348	1076.92
868.814	1071.21
869.283	1083.13
869.749	1078.51
870.215	1072.92
870.682	1071.81
871.148	1079.98
871.614	1074.26
872.081	1072.44
872.547	1077.94
873.013	1073.17
873.479	1074.47
873.946	1069.24
874.412	1070.99
874.878	1076.66
875.344	1070.24
875.81	1076.16
876.276	1073.82
876.742	1069.73
877.208	1071.43
877.674	1077.98
878.141	1076.6
878.606	1070.31
879.072	1068.47
879.538	1074.12
880.004	1072.79
880.47	1068.58
880.936	1070.74
881.4	1073.79
881.866	1074.92
882.331	1074.85
882.797	1075.3
883.263	1072
883.729	1075.24
884.194	1075.77
884.66	1070.67
885.125	1066.4
885.589	1070.63
886.055	1073.34
886.52	1068.07
886.986	1072.98
887.451	1070.97
887.917	1073.03
888.382	1066.78
888.846	1064.65
889.311	1068.69
889.777	1069.36
890.242	1066.53
890.707	1061.87
891.171	1065.2
891.636	1069.16
892.101	1065.92
892.566	1063.33
893.032	1073.51
893.307	1084
893.778	1058
894.247	1063
894.718	1069
895.187	1075
895.658	1070
896.127	1070
896.598	1067
897.067	1068
897.538	1068
898.009	1068
898.478	1068
898.948	1080
899.417	1078
899.888	1070
900.357	1075
900.827	1069
901.296	1068
901.767	1080
902.235	1063
902.704	1071
903.174	1076
903.643	1072
904.113	1067
904.582	1077
905.052	1071
905.521	1066
905.991	1066
906.46	1076
906.928	1078
907.398	1071
907.867	1077
908.337	1060
908.805	1074
909.276	1077
909.744	1072
910.212	1081
910.682	1074
911.15	1084
911.618	1079
912.089	1086
912.557	1079
913.025	1082
913.495	1089
913.963	1089
914.431	1093
914.901	1096
915.369	1094
915.837	1102
916.306	1098
916.774	1101
917.242	1106
917.712	1102
918.18	1096
918.648	1105
919.117	1103
919.585	1109
920.053	1112
920.52	1096
920.99	1098
921.458	1108
921.925	1115
922.393	1108
922.862	1108
923.33	1125
923.797	1116
924.265	1108
924.732	1122
925.202	1126
925.669	1118
926.137	1122
926.604	1113
927.071	1108
927.541	1096
928.008	1107
928.475	1104
928.942	1096
929.41	1094
929.877	1092
930.346	1091
930.813	1081
931.28	1098
931.747	1084
932.214	1064
932.681	1082
933.148	1078
933.615	1081
934.084	1074
934.551	1064
935.018	1070
935.485	1077
935.952	1074
936.419	1073
936.886	1080
937.352	1078
937.819	1084
938.286	1077
938.753	1081
939.219	1078
939.686	1082
940.153	1093
940.619	1084
941.086	1086
941.553	1085
942.019	1086
942.486	1092
942.952	1094
943.419	1098
943.885	1103
944.352	1110
944.818	1098
945.284	1106
945.751	1103
946.217	1100
946.683	1106
947.15	1086
947.616	1098
948.082	1096
948.549	1097
949.015	1096
949.481	1094
949.947	1090
950.413	1081
950.879	1070
951.345	1072
951.809	1084
952.275	1073
952.741	1074
953.207	1076
953.673	1085
954.139	1076
954.605	1082
955.071	1075
955.535	1074
956.001	1073
956.467	1076
956.932	1072
957.398	1080
957.864	1081
958.328	1088
958.793	1093
959.259	1084
959.725	1085
960.19	1083
960.654	1102
961.12	1094
961.585	1094
962.051	1100
962.516	1108
962.98	1100
963.445	1116
963.91	1125
964.376	1106
964.839	1120
965.305	1102
965.77	1119
966.233	1106
966.699	1093
967.164	1095
967.629	1081
968.092	1089
968.557	1077
969.023	1082
969.486	1082
969.951	1071
970.416	1074
970.879	1068
971.344	1076
971.809	1081
972.272	1066
972.737	1071
973.202	1076
973.665	1073
974.13	1073
974.595	1080
975.058	1071
975.522	1079
975.985	1070
976.45	1064
976.915	1076
977.378	1067
977.842	1072
978.305	1066
978.77	1066
979.232	1078
979.697	1080
980.161	1060
980.624	1070
981.089	1067
981.551	1056
982.016	1072
982.478	1072
982.943	1068
983.405	1071
983.869	1081
984.332	1075
984.796	1070
985.259	1073
985.723	1076
986.185	1074
986.649	1074
987.112	1058
987.576	1076
988.038	1078
988.502	1082
988.964	1070
989.428	1081
989.891	1062
990.353	1058
990.817	1072
991.279	1065
991.743	1075
992.205	1068
992.669	1066
993.131	1056
993.593	1067
994.056	1070
994.518	1070
994.98	1068
995.444	1066
995.906	1069
996.369	1077
996.831	1064
997.293	1072
997.757	1085
998.218	1058
998.68	1071
999.144	1079
999.605	1068
1000.07	1074
1000.53	1073
1000.99	1080
1001.45	1070
1001.91	1071
1002.38	1079
1002.84	1069
1003.3	1062
1003.76	1082
1004.23	1072
1004.69	1069
1005.15	1072
1005.61	1076
1006.07	1083
1006.53	1070
1007	1075
1007.46	1080
1007.92	1072
1008.38	1076
1008.84	1086
1009.3	1074
1009.77	1064
1010.23	1065
1010.69	1073
1011.15	1072
1011.61	1072
1012.07	1074
1012.53	1072
1013	1074
1013.46	1080
1013.92	1068
1014.38	1074
1014.84	1068
1015.3	1063
1015.76	1068
1016.22	1064
1016.68	1064
1017.14	1066
1017.61	1077
1018.07	1068
1018.53	1068
1018.99	1074
1019.45	1066
1019.91	1072
1020.37	1061
1020.83	1066
1021.29	1084
1021.75	1073
1022.21	1076
1022.67	1076
1023.13	1072
1023.59	1080
1024.05	1070
1024.51	1079
1024.97	1072
1025.44	1081
1025.9	1074
1026.36	1084
1026.82	1077
1027.28	1086
1027.74	1083
1028.2	1078
1028.66	1088
1029.12	1090
1029.58	1097
1030.04	1094
1030.5	1076
1030.96	1097
1031.42	1092
1031.88	1097
1032.34	1084
1032.79	1096
1033.25	1090
1033.71	1083
1034.17	1092
1034.63	1084
1035.09	1070
1035.55	1092
1036.01	1064
1036.47	1078
1036.93	1085
1037.39	1088
1037.85	1080
1038.31	1080
1038.77	1090
1039.23	1083
1039.69	1060
1040.15	1073
1040.61	1079
1041.06	1072
1041.52	1074
1041.98	1085
1042.44	1072
1042.9	1081
1043.36	1077
1043.82	1078
1044.28	1080
1044.74	1076
1045.2	1072
1045.65	1072
1046.11	1073
1046.57	1068
1047.03	1068
1047.49	1075
1047.95	1077
1048.41	1072
1048.86	1072
1049.32	1074
1049.78	1071
1050.24	1060
1050.7	1071
1051.16	1071
1051.61	1071
1052.07	1071
1052.53	1079
1052.99	1072
1053.45	1076
1053.91	1072
1054.36	1062
1054.82	1066
1055.28	1070
1055.74	1082
1056.2	1066
1056.65	1060
1057.11	1070
1057.57	1070
1058.03	1058
1058.49	1077
1058.94	1064
1059.4	1075
1059.86	1072
1060.32	1080
1060.77	1076
1061.23	1063
1061.69	1074
1062.15	1078
1062.6	1079
1063.06	1066
1063.52	1066
1063.98	1071
1064.43	1075
1064.89	1076
1065.35	1073
1065.81	1083
1066.26	1070
1066.72	1071
1067.18	1074
1067.64	1073
1068.09	1074
1068.55	1082
1069.01	1078
1069.46	1072
1069.92	1078
1070.38	1080
1070.83	1076
1071.29	1080
1071.75	1066
1072.2	1077
1072.66	1076
1073.12	1072
1073.57	1080
1074.03	1076
1074.49	1078
1074.94	1090
1075.4	1090
1075.86	1089
1076.31	1086
1076.77	1087
1077.23	1088
1077.68	1089
1078.14	1096
1078.6	1095
1079.05	1082
1079.51	1092
1079.96	1099
1080.42	1102
1080.88	1095
1081.33	1094
1081.79	1098
1082.24	1106
1082.7	1094
1083.16	1088
1083.61	1101
1084.07	1101
1084.52	1097
1084.98	1091
1085.44	1102
1085.89	1095
1086.35	1094
1086.8	1099
1087.26	1099
1087.71	1088
1088.17	1093
1088.63	1093
1089.08	1080
1089.54	1067
1089.99	1082
1090.45	1079
1090.9	1074
1091.36	1062
1091.81	1082
1092.27	1073
1092.72	1081
1093.18	1078
1093.63	1064
1094.09	1083
1094.54	1073
1095	1074
1095.45	1068
1095.91	1077
1096.36	1076
1096.82	1074
1097.27	1081
1097.73	1060
1098.18	1075
1098.64	1082
1099.09	1076
1099.55	1064
1100	1078
1100.46	1070
1100.91	1079
1101.37	1066
1101.82	1076
1102.27	1074
1102.73	1064
1103.18	1072
1103.64	1078
1104.09	1069
1104.55	1069
1105	1092
1105.46	1080
1105.91	1066
1106.36	1064
1106.82	1074
1107.27	1062
1107.73	1074
1108.18	1082
1108.63	1072
1109.09	1081
1109.54	1058
1110	1072
1110.45	1073
1110.9	1064
1111.36	1076
1111.81	1075
1112.26	1092
1112.72	1087
1113.17	1076
1113.63	1079
1114.08	1072
1114.53	1081
1114.99	1079
1115.44	1076
1115.89	1072
1116.35	1072
1116.8	1078
1117.25	1085
1117.71	1072
1118.16	1084
1118.61	1082
1119.07	1076
1119.52	1085
1119.97	1078
1120.43	1083
1120.88	1089
1121.33	1080
1121.79	1084
1122.24	1077
1122.69	1077
1123.14	1074
1123.6	1090
1124.05	1079
1124.5	1095
1124.96	1087
1125.41	1079
1125.86	1098
1126.31	1101
1126.77	1104
1127.22	1086
1127.67	1094
1128.12	1098
1128.58	1096
1129.03	1097
1129.48	1087
1129.93	1120
1130.39	1104
1130.84	1104
1131.29	1116
1131.74	1096
1132.19	1116
1132.65	1108
1133.1	1098
1133.55	1095
1134	1114
1134.46	1092
1134.91	1094
1135.36	1090
1135.81	1081
1136.26	1096
1136.72	1082
1137.17	1070
1137.62	1093
1138.07	1080
1138.52	1074
1138.98	1083
1139.43	1073
1139.88	1087
1140.33	1080
1140.78	1076
1141.23	1087
1141.68	1082
1142.14	1084
1142.59	1088
1143.04	1078
1143.49	1074
1143.94	1078
1144.39	1072
1144.84	1091
1145.3	1074
1145.75	1079
1146.2	1076
1146.65	1080
1147.1	1077
1147.55	1091
1148	1085
1148.45	1074
1148.9	1081
1149.35	1077
1149.81	1078
1150.26	1080
1150.71	1087
1151.16	1072
1151.61	1076
1152.06	1078
1152.51	1076
1152.96	1070
1153.41	1075
1153.86	1089
1154.31	1077
1154.76	1082
1155.21	1078
1155.66	1076
1156.11	1074
1156.57	1074
1157.02	1080
1157.47	1068
1157.92	1066
1158.37	1076
1158.82	1080
1159.27	1056
1159.72	1070
1160.17	1078
1160.62	1080
1161.07	1081
1161.52	1074
1161.97	1077
1162.42	1072
1162.87	1082
1163.32	1074
1163.77	1083
1164.22	1076
1164.67	1068
1165.12	1086
1165.57	1085
1166.02	1080
1166.47	1067
1166.91	1087
1167.37	1080
1167.81	1087
1168.26	1094
1168.71	1079
1169.16	1089
1169.61	1087
1170.06	1098
1170.51	1081
1170.96	1088
1171.41	1086
1171.86	1094
1172.31	1099
1172.76	1096
1173.21	1105
1173.66	1094
1174.1	1098
1174.55	1102
1175	1100
1175.45	1108
1175.9	1098
1176.35	1110
1176.8	1112
1177.25	1112
1177.7	1088
1178.14	1101
1178.59	1100
1179.04	1098
1179.49	1100
1179.94	1088
1180.39	1091
1180.84	1104
1181.28	1094
1181.73	1096
1182.18	1089
1182.63	1100
1183.08	1097
1183.53	1100
1183.97	1088
1184.42	1092
1184.87	1106
1185.32	1100
1185.77	1100
1186.22	1105
1186.66	1111
1187.11	1098
1187.56	1104
1188.01	1122
1188.46	1118
1188.9	1108
1189.35	1110
1189.8	1090
1190.25	1101
1190.69	1102
1191.14	1082
1191.59	1105
1192.04	1080
1192.49	1093
1192.93	1085
1193.38	1092
1193.83	1084
1194.28	1078
1194.72	1088
1195.17	1080
1195.62	1076
1196.07	1076
1196.51	1080
1196.96	1068
1197.41	1073
1197.86	1080
1198.3	1084
1198.75	1071
1199.2	1078
1199.64	1082
1200.09	1082
1200.54	1067
1200.99	1078
1201.43	1084
1201.88	1075
1202.33	1073
1202.77	1066
1203.22	1085
1203.67	1079
1204.11	1073
1204.56	1076
1205.01	1072
1205.45	1076
1205.9	1079
1206.35	1084
1206.79	1056
1207.24	1080
1207.69	1062
1208.13	1077
1208.58	1087
1209.03	1064
1209.47	1080
1209.92	1076
1210.36	1079
1210.81	1080
1211.26	1068
1211.7	1074
1212.15	1068
1212.6	1075
1213.04	1072
1213.49	1067
1213.93	1070
1214.38	1075
1214.83	1074
1215.27	1065
1215.72	1081
1216.16	1069
1216.61	1076
1217.05	1074
1217.5	1067
1217.95	1068
1218.39	1069
1218.84	1077
1219.28	1072
1219.73	1056
1220.17	1072
1220.62	1072
1221.07	1078
1221.51	1068
1221.96	1077
1222.4	1069
1222.85	1068
1223.29	1065
1223.74	1082
1224.18	1086
1224.63	1071
1225.07	1077
1225.52	1074
1225.96	1072
1226.41	1068
1226.85	1080
1227.3	1078
1227.74	1073
1228.19	1080
1228.63	1081
1229.08	1076
1229.52	1072
1229.97	1070
1230.41	1082
1230.86	1074
1231.3	1072
1231.75	1079
1232.19	1081
1232.64	1068
1233.08	1088
1233.53	1084
1233.97	1072
1234.41	1077
1234.86	1074
1235.3	1078
1235.75	1085
1236.19	1072
1236.64	1078
1237.08	1086
1237.53	1090
1237.97	1086
1238.41	1076
1238.86	1090
1239.3	1082
1239.75	1074
1240.19	1096
1240.63	1082
1241.08	1082
1241.52	1091
1241.97	1086
1242.41	1074
1242.85	1077
1243.3	1078
1243.74	1078
1244.19	1070
1244.63	1078
1245.07	1076
1245.52	1075
1245.96	1076
1246.4	1074
1246.85	1080
1247.29	1080
1247.73	1074
1248.18	1066
1248.62	1081
1249.06	1077
1249.51	1074
1249.95	1085
1250.39	1069
1250.84	1075
1251.28	1076
1251.72	1060
1252.17	1066
1252.61	1068
1253.05	1072
1253.5	1068
1253.94	1085
1254.38	1081
1254.83	1062
1255.27	1072
1255.71	1075
1256.15	1074
1256.6	1071
1257.04	1064
1257.48	1068
1257.92	1085
1258.37	1064
1258.81	1073
1259.25	1070
1259.7	1075
1260.14	1075
1260.58	1067
1261.02	1064
1261.47	1064
1261.91	1068
1262.35	1069
1262.79	1070
1263.24	1064
1263.68	1066
1264.12	1073
1264.56	1068
1265	1066
1265.44	1074
1265.89	1068
1266.33	1066
1266.77	1070
1267.21	1079
1267.66	1067
1268.1	1066
1268.54	1077.91
1268.98	1077.77
1269.42	1081.76
1269.86	1069.15
1270.31	1074.05
1270.75	1060.71
1271.19	1077.11
1271.63	1066.54
1272.07	1079.65
1272.52	1065.86
1272.96	1066.07
1273.4	1078.67
1273.84	1064.17
1274.28	1072.28
1274.72	1075.17
1275.16	1070.82
1275.6	1067.39
1276.05	1075.2
1276.49	1080.16
1276.93	1065.15
1277.37	1072.42
1277.81	1066.11
1278.25	1076.3
1278.69	1071.96
1279.13	1079.05
1279.58	1073
1280.02	1075.88
1280.46	1074.37
1280.9	1072.37
1281.34	1068.27
1281.78	1074.82
1282.22	1061.53
1282.66	1069.5
1283.1	1066.8
1283.54	1072.34
1283.98	1073.42
1284.42	1063.97
1284.87	1071.86
1285.31	1077.47
1285.75	1066.37
1286.19	1077.24
1286.63	1079.71
1287.07	1065.39
1287.51	1073.15
1287.95	1078.73
1288.39	1077.86
1288.83	1076.3
1289.27	1078.36
1289.71	1075.28
1290.15	1078.33
1290.59	1081.73
1291.03	1079.7
1291.47	1075.59
1291.91	1082.61
1292.35	1080.93
1292.79	1092.49
1293.23	1090.58
1293.67	1089.09
1294.11	1092.97
1294.55	1094.06
1294.99	1099.83
1295.43	1098.59
1295.87	1099.26
1296.31	1104.96
1296.75	1105.18
1297.19	1106.52
1297.63	1103.15
1298.07	1105.99
1298.51	1109.98
1298.95	1111.04
1299.39	1099.63
1299.83	1100.83
1300.27	1100.05
1300.71	1097.52
1301.15	1092.39
1301.59	1088.33
1302.02	1089.93
1302.46	1082.89
1302.9	1085.88
1303.34	1085.99
1303.78	1077.86
1304.22	1079.99
1304.66	1083.25
1305.1	1082.88
1305.54	1077.58
1305.98	1081.14
1306.42	1078
1306.86	1077.97
1307.29	1075.92
1307.73	1089.83
1308.17	1079.8
1308.61	1076.98
1309.05	1088.56
1309.49	1087.29
1309.93	1089.36
1310.36	1089.82
1310.8	1088.64
1311.24	1086.65
1311.68	1102.25
1312.12	1103.26
1312.56	1101.75
1313	1117.77
1313.38	1116
1313.83	1122
1314.27	1108
1314.72	1112
1315.16	1111
1315.6	1120
1316.05	1128
1316.49	1118
1316.93	1112
1317.38	1098
1317.82	1126
1318.26	1104
1318.71	1114
1319.15	1101
1319.59	1096
1320.04	1102
1320.48	1107
1320.92	1100
1321.37	1090
1321.81	1092
1322.25	1111
1322.7	1098
1323.14	1099
1323.58	1100
1324.03	1111
1324.47	1089
1324.91	1093
1325.35	1091
1325.8	1104
1326.24	1086
1326.68	1100
1327.13	1090
1327.57	1097
1328.01	1090
1328.45	1086
1328.9	1076
1329.34	1080
1329.78	1100
1330.22	1086
1330.67	1091
1331.11	1096
1331.55	1088
1331.99	1082
1332.44	1111
1332.88	1102
1333.32	1101
1333.76	1107
1334.21	1096
1334.65	1120
1335.09	1125
1335.53	1124
1335.97	1136
1336.42	1139
1336.86	1144
1337.3	1162
1337.74	1170
1338.18	1130
1338.63	1182
1339.07	1194
1339.51	1200
1339.95	1203
1340.39	1200
1340.84	1214
1341.28	1212
1341.72	1202
1342.16	1196
1342.6	1190
1343.05	1174
1343.49	1189
1343.93	1154
1344.37	1181
1344.81	1175
1345.25	1184
1345.69	1178
1346.14	1174
1346.58	1172
1347.02	1158
1347.46	1142
1347.9	1161
1348.34	1136
1348.78	1133
1349.22	1134
1349.66	1129
1350.11	1138
1350.55	1116
1350.99	1127
1351.43	1133
1351.87	1141
1352.31	1134
1352.75	1131
1353.19	1112
1353.63	1112
1354.07	1124
1354.52	1123
1354.96	1116
1355.4	1092
1355.84	1095
1356.28	1119
1356.72	1102
1357.16	1110
1357.6	1107
1358.04	1098
1358.48	1108
1358.92	1104
1359.36	1102
1359.8	1107
1360.24	1104
1360.68	1114
1361.12	1107
1361.56	1113
1362	1118
1362.44	1104
1362.88	1110
1363.32	1107
1363.76	1102
1364.2	1108
1364.64	1102
1365.08	1105
1365.52	1108
1365.96	1092
1366.4	1084
1366.84	1096
1367.28	1098
1367.72	1088
1368.16	1105
1368.6	1089
1369.04	1098
1369.48	1103
1369.92	1103
1370.36	1108
1370.8	1099
1371.24	1108
1371.68	1119
1372.12	1110
1372.56	1102
1373	1098
1373.44	1114
1373.88	1106
1374.32	1100
1374.76	1094
1375.19	1080
1375.63	1101
1376.07	1088
1376.51	1081
1376.95	1074
1377.39	1080
1377.83	1091
1378.27	1088
1378.71	1076
1379.15	1064
1379.58	1080
1380.02	1081
1380.46	1081
1380.9	1081
1381.34	1076
1381.78	1076
1382.22	1079
1382.66	1082
1383.09	1066
1383.53	1063
1383.97	1086
1384.41	1082
1384.85	1085
1385.29	1082
1385.73	1087
1386.16	1074
1386.6	1080
1387.04	1084
1387.48	1089
1387.92	1074
1388.36	1093
1388.79	1080
1389.23	1088
1389.67	1078
1390.11	1088
1390.55	1085
1390.98	1080
1391.42	1076
1391.86	1078
1392.3	1076
1392.74	1070
1393.18	1075
1393.61	1079
1394.05	1072
1394.49	1074
1394.93	1074
1395.36	1088
1395.8	1080
1396.24	1077
1396.68	1085
1397.11	1077
1397.55	1082
1397.99	1082
1398.43	1082
1398.86	1082
1399.3	1079
1399.74	1084
1400.18	1078
1400.61	1086
1401.05	1082
1401.49	1102
1401.93	1090
1402.36	1098
1402.8	1086
1403.24	1099
1403.67	1097
1404.11	1104
1404.55	1098
1404.99	1106
1405.42	1120
1405.86	1111
1406.3	1098
1406.73	1114
1407.17	1129
1407.61	1137
1408.04	1124
1408.48	1119
1408.92	1131
1409.35	1118
1409.79	1130
1410.23	1116
1410.66	1124
1411.1	1122
1411.54	1112
1411.97	1116
1412.41	1114
1412.85	1113
1413.28	1112
1413.72	1113
1414.16	1112
1414.59	1116
1415.03	1105
1415.47	1106
1415.9	1112
1416.34	1096
1416.77	1088
1417.21	1098
1417.65	1092
1418.08	1094
1418.52	1098
1418.95	1096
1419.39	1095
1419.82	1076
1420.26	1081
1420.7	1080
1421.13	1102
1421.57	1085
1422	1068
1422.44	1092
1422.88	1079
1423.31	1072
1423.75	1090
1424.18	1082
1424.62	1074
1425.05	1076
1425.49	1081
1425.92	1082
1426.36	1089
1426.8	1077
1427.23	1075
1427.67	1089
1428.1	1089
1428.54	1075
1428.97	1080
1429.41	1074
1429.84	1087
1430.28	1072
1430.71	1082
1431.15	1079
1431.58	1076
1432.02	1090
1432.45	1084
1432.89	1064
1433.32	1075
1433.76	1082
1434.19	1072
1434.63	1074
1435.06	1084
1435.5	1070
1435.93	1083
1436.37	1078
1436.8	1088
1437.24	1082
1437.67	1098
1438.11	1084
1438.54	1090
1438.97	1095
1439.41	1104
1439.84	1090
1440.28	1094
1440.71	1086
1441.15	1097
1441.58	1101
1442.01	1096
1442.45	1096
1442.88	1085
1443.32	1089
1443.75	1090
1444.19	1075
1444.62	1090
1445.05	1084
1445.49	1085
1445.92	1087
1446.36	1092
1446.79	1098
1447.22	1099
1447.66	1104
1448.09	1090
1448.52	1098
1448.96	1102
1449.39	1098
1449.83	1106
1450.26	1115
1450.69	1102
1451.13	1118
1451.56	1124
1451.99	1126
1452.43	1145
1452.86	1158
1453.29	1193
1453.73	1228
1454.16	1268
1454.59	1326
1455.03	1360
1455.46	1372
1455.89	1366
1456.33	1330
1456.76	1300
1457.19	1246
1457.63	1186
1458.06	1168
1458.49	1166
1458.93	1152
1459.36	1159
1459.79	1152
1460.23	1132
1460.66	1136
1461.09	1136
1461.52	1136
1461.95	1129
1462.39	1140
1462.82	1132
1463.25	1138
1463.69	1126
1464.12	1122
1464.55	1130
1464.99	1108
1465.42	1131
1465.85	1134
1466.28	1130
1466.71	1131
1467.15	1125
1467.58	1120
1468.01	1127
1468.44	1119
1468.88	1116
1469.31	1118
1469.74	1114
1470.17	1119
1470.6	1116
1471.04	1108
1471.47	1110
1471.9	1131
1472.33	1116
1472.76	1114
1473.2	1118
1473.63	1114
1474.06	1111
1474.49	1116
1474.92	1110
1475.36	1115
1475.79	1107
1476.22	1098
1476.65	1094
1477.08	1100
1477.51	1096
1477.95	1080
1478.38	1092
1478.81	1088
1479.24	1074
1479.67	1076
1480.1	1090
1480.54	1076
1480.97	1082
1481.4	1086
1481.83	1076
1482.26	1082
1482.69	1074
1483.12	1076
1483.55	1076
1483.98	1078
1484.42	1074
1484.85	1080
1485.28	1074
1485.71	1076
1486.14	1074
1486.57	1076
1487	1088
1487.43	1078
1487.86	1075
1488.3	1083
1488.73	1076
1489.16	1080
1489.59	1083
1490.02	1082
1490.45	1078
1490.88	1064
1491.31	1077
1491.74	1069
1492.17	1077
1492.6	1070
1493.03	1085
1493.46	1082
1493.89	1077
1494.32	1083
1494.75	1076
1495.18	1076
1495.61	1076
1496.04	1069
1496.48	1062
1496.9	1078
1497.33	1079
1497.77	1088
1498.19	1078
1498.62	1074
1499.06	1080
1499.48	1076
1499.91	1079
1500.35	1074
1500.77	1082
1501.2	1068
1501.63	1084
1502.06	1072
1502.49	1086
1502.92	1084
1503.35	1079
1503.78	1082
1504.21	1064
1504.64	1086
1505.07	1092
1505.5	1074
1505.93	1093
1506.36	1081
1506.79	1080
1507.22	1080
1507.65	1076
1508.08	1083
1508.51	1073
1508.94	1086
1509.36	1084
1509.79	1082
1510.22	1084
1510.65	1072
1511.08	1094
1511.51	1092
1511.94	1080
1512.37	1082
1512.8	1072
1513.23	1089
1513.66	1084
1514.09	1097
1514.51	1094
1514.94	1093
1515.37	1090
1515.8	1091
1516.23	1098
1516.66	1128
1517.09	1152
1517.52	1172
1517.94	1182
1518.37	1200
1518.8	1187
1519.23	1200
1519.66	1159
1520.09	1130
1520.52	1101
1520.94	1091
1521.37	1081
1521.8	1072
1522.23	1081
1522.66	1073
1523.09	1083
1523.51	1084
1523.94	1078
1524.37	1080
1524.8	1074
1525.22	1075
1525.65	1074
1526.08	1090
1526.51	1073
1526.94	1069
1527.37	1062
1527.79	1074
1528.22	1081
1528.65	1071
1529.08	1073
1529.5	1081
1529.93	1080
1530.36	1074
1530.79	1070
1531.21	1068
1531.64	1078
1532.07	1068
1532.5	1076
1532.92	1070
1533.35	1066
1533.78	1071
1534.21	1068
1534.63	1074
1535.06	1070
1535.49	1074
1535.92	1074
1536.34	1084
1536.77	1074
1537.2	1074
1537.62	1077
1538.05	1072
1538.48	1070
1538.91	1074
1539.33	1080
1539.76	1071
1540.19	1072
1540.61	1074
1541.04	1076
1541.47	1070
1541.9	1069
1542.32	1072
1542.75	1076
1543.18	1077
1543.6	1078
1544.03	1084
1544.46	1074
1544.88	1084
1545.31	1075
1545.73	1074
1546.16	1068
1546.59	1083
1547.01	1076
1547.44	1082
1547.87	1080
1548.29	1076
1548.72	1085
1549.15	1056
1549.57	1070
1550	1073
1550.42	1072
1550.85	1078
1551.28	1078
1551.7	1079
1552.13	1082
1552.55	1071
1552.98	1072
1553.41	1073
1553.83	1076
1554.26	1085
1554.69	1082
1555.11	1070
1555.54	1085
1555.96	1066
1556.39	1080
1556.81	1081
1557.24	1078
1557.66	1080
1558.09	1088
1558.52	1080
1558.94	1092
1559.37	1082
1559.79	1082
1560.22	1078
1560.64	1076
1561.07	1080
1561.49	1078
1561.92	1085
1562.34	1082
1562.77	1076
1563.2	1082
1563.62	1088
1564.04	1082
1564.47	1070
1564.9	1081
1565.32	1082
1565.75	1064
1566.17	1074
1566.6	1064
1567.02	1080
1567.44	1072
1567.87	1080
1568.3	1080
1568.72	1086
1569.14	1083
1569.57	1072
1569.99	1079
1570.42	1079
1570.84	1072
1571.27	1070
1571.69	1090
1572.12	1078
1572.54	1086
1572.97	1081
1573.39	1084
1573.82	1072
1574.24	1077
1574.66	1093
1575.09	1081
1575.51	1088
1575.94	1080
1576.36	1086
1576.79	1078
1577.21	1079
1577.63	1080
1578.06	1076
1578.48	1076
1578.91	1086
1579.33	1090
1579.75	1094
1580.18	1096
1580.6	1091
1581.03	1084
1581.45	1082
1581.87	1092
1582.3	1080
1582.72	1080
1583.15	1090
1583.57	1091
1583.99	1096
1584.42	1088
1584.84	1079
1585.26	1082
1585.69	1090
1586.11	1085
1586.53	1081
1586.96	1088
1587.38	1082
1587.8	1078
1588.23	1080
1588.65	1092
1589.07	1085
1589.5	1086
1589.92	1088
1590.34	1088
1590.77	1078
1591.19	1091
1591.61	1090
1592.04	1093
1592.46	1078
1592.88	1091
1593.3	1076
1593.73	1087
1594.15	1078
1594.57	1079
1595	1075
1595.42	1088
1595.84	1074
1596.27	1084
1596.69	1084
1597.11	1083
1597.53	1078
1597.96	1080
1598.38	1075
1598.8	1072
1599.22	1084
1599.65	1060
1600.07	1081
1600.49	1087
1600.91	1085
1601.34	1080
1601.76	1067
1602.18	1076
1602.6	1080
1603.02	1072
1603.45	1078
1603.87	1078
1604.29	1064
1604.71	1077
1605.14	1089
1605.56	1070
1605.98	1084
1606.4	1078
1606.82	1082
1607.25	1086
1607.67	1084
1608.09	1074
1608.51	1080
1608.93	1076
1609.35	1076
1609.78	1067
1610.2	1085
1610.62	1088
1611.04	1072
1611.46	1078
1611.89	1066
1612.31	1084
1612.73	1088
1613.15	1080
1613.57	1074
1613.99	1084
1614.41	1090
1614.83	1067
1615.26	1086
1615.68	1087
1616.1	1070
1616.52	1089
1616.94	1096
1617.36	1090
1617.78	1087
1618.21	1083
1618.63	1094
1619.05	1092
1619.47	1078
1619.89	1092
1620.31	1085
1620.73	1096
1621.15	1078
1621.57	1091
1621.99	1097
1622.41	1092
1622.83	1086
1623.26	1091
1623.68	1103
1624.1	1086
1624.52	1093
1624.94	1087
1625.36	1078
1625.78	1090
1626.2	1089
1626.62	1093
1627.04	1080
1627.46	1086
1627.88	1090
1628.3	1089
1628.72	1080
1629.14	1082
1629.56	1089
1629.98	1088
1630.4	1099
1630.82	1088
1631.24	1094
1631.66	1090
1632.08	1094
1632.5	1084
1632.92	1090
1633.34	1082
1633.76	1085
1634.18	1077
1634.6	1080
1635.02	1082
1635.44	1083
1635.86	1080
1636.28	1093
1636.7	1083
1637.12	1082
1637.54	1070
1637.96	1082
1638.38	1090
1638.8	1078
1639.22	1084
1639.64	1076
1640.06	1082
1640.48	1081
1640.9	1076
1641.32	1077
1641.74	1073
1642.16	1075
1642.57	1084
1642.99	1082
1643.41	1075
1643.83	1074
1644.25	1079
1644.67	1082
1645.09	1066
1645.51	1083
1645.93	1068
1646.35	1081
1646.77	1085
1647.19	1075
1647.6	1074
1648.02	1081
1648.44	1081
1648.86	1072
1649.28	1082
1649.7	1073
1650.12	1078
1650.54	1078
1650.95	1068
1651.37	1060
1651.79	1077
1652.21	1066
1652.63	1070
1653.05	1069
1653.46	1072
1653.88	1084
1654.3	1056
1654.72	1060
1655.14	1072
1655.56	1079
1655.98	1062
1656.39	1079
1656.81	1079
1657.23	1064
1657.65	1075
1658.07	1073
1658.48	1073
1658.9	1064
1659.32	1060
1659.74	1078
1660.16	1062
1660.57	1076
1660.99	1070
1661.41	1075
1661.83	1073
1662.25	1085
1662.66	1074
1663.08	1070
1663.5	1065
1663.92	1072
1664.33	1078
1664.75	1058
1665.17	1080
1665.59	1070
1666.01	1064
1666.42	1075
1666.84	1065
1667.26	1069.98
1667.67	1067.07
1668.09	1067.21
1668.51	1066.28
1668.93	1073.34
1669.34	1056.71
1669.76	1071.75
1670.18	1062.88
1670.6	1068.55
1671.01	1063.7
1671.43	1070.37
1671.85	1070.92
1672.26	1074.63
1672.68	1064.96
1673.1	1072.13
1673.51	1066.28
1673.93	1065.56
1674.35	1065.11
1674.77	1074.21
1675.18	1071.17
1675.6	1064.46
1676.02	1073.71
1676.43	1070.12
1676.85	1072.07
1677.27	1069.52
1677.68	1072.23
1678.1	1056.86
1678.52	1069.82
1678.93	1069.84
1679.35	1073.86
1679.77	1056.29
1680.18	1064.46
1680.6	1073.98
1681.01	1069.7
1681.43	1068.38
1681.85	1064.64
1682.26	1072.18
1682.68	1066.96
1683.1	1064.6
1683.51	1069.06
1683.93	1075.03
1684.35	1069.71
1684.76	1078.14
1685.18	1070.11
1685.59	1071.31
1686.01	1065.42
1686.43	1067.01
1686.84	1067.04
1687.26	1063.09
1687.67	1066.05
1688.09	1068.15
1688.5	1068.62
1688.92	1067.88
1689.34	1069.03
1689.75	1075.34
1690.17	1069.05
1690.58	1064.51
1691	1066.25
1691.42	1067.51
1691.83	1073.42
1692.24	1071.81
1692.66	1060.2
1693.08	1065.66
1693.49	1066.19
1693.91	1069.92
1694.32	1073.26
1694.74	1066.53
1695.15	1065.02
1695.57	1067.5
1695.98	1067.99
1696.4	1065.21
1696.81	1068.09
1697.23	1069.95
1697.64	1059.7
1698.06	1061.37
1698.48	1069.39
1698.89	1060.37
1699.3	1066.37
1699.72	1063.09
1700.14	1064.08
1700.55	1067.8
1700.97	1064.78
1701.38	1069.38
1701.79	1063.53
1702.21	1067.15
1702.62	1067.03
1703.04	1062.5
1703.45	1058.26
1703.87	1073.61
1704.28	1074.75
1704.7	1070.29
1705.11	1064.5
1705.53	1061.9
1705.94	1062.46
1706.35	1062.08
1706.77	1062.22
1707.18	1064.45
1707.6	1068.81
1708.01	1075.48
1708.43	1058.33
1708.84	1062.61
1709.24	1072
1709.66	1072
1710.08	1066
1710.5	1060
1710.92	1067
1711.33	1069
1711.75	1064
1712.17	1067
1712.59	1060
1713.01	1071
1713.43	1060
1713.85	1079
1714.27	1056
1714.69	1070
1715.11	1066
1715.53	1062
1715.95	1060
1716.37	1070
1716.78	1068
1717.2	1063
1717.62	1066
1718.04	1060
1718.46	1068
1718.88	1054
1719.3	1064
1719.72	1064
1720.13	1068
1720.55	1064
1720.97	1061
1721.39	1068
1721.81	1066
1722.23	1069
1722.65	1069
1723.06	1065
1723.48	1057
1723.9	1070
1724.32	1066
1724.74	1066
1725.16	1076
1725.57	1064
1725.99	1065
1726.41	1070
1726.83	1068
1727.25	1063
1727.66	1070
1728.08	1062
1728.5	1062
1728.92	1070
1729.34	1064
1729.76	1060
1730.17	1065
1730.59	1072
1731.01	1066
1731.43	1071
1731.85	1068
1732.26	1062
1732.68	1058
1733.1	1067
1733.52	1063
1733.93	1066
1734.35	1064
1734.77	1065
1735.19	1068
1735.6	1057
1736.02	1064
1736.44	1062
1736.86	1064
1737.27	1066
1737.69	1063
1738.11	1068
1738.53	1070
1738.94	1064
1739.36	1058
1739.78	1069
1740.19	1064
1740.61	1060
1741.03	1066
1741.45	1062
1741.86	1057
1742.28	1071
1742.7	1071
1743.11	1061
1743.53	1054
1743.95	1068
1744.37	1060
1744.78	1050
1745.2	1068
1745.62	1066
1746.03	1066
1746.45	1064
1746.87	1063
1747.28	1060
1747.7	1071
1748.12	1056
1748.53	1071
1748.95	1066
1749.37	1058
1749.78	1069
1750.2	1054
1750.62	1056
1751.03	1065
1751.45	1076
1751.86	1067
1752.28	1066
1752.7	1063
1753.11	1064
1753.53	1066
1753.95	1068
1754.36	1065
1754.78	1062
1755.19	1064
1755.61	1066
1756.03	1060
1756.44	1066
1756.86	1069
1757.27	1060
1757.69	1058
1758.11	1067
1758.52	1068
1758.94	1064
1759.35	1070
1759.77	1064
1760.18	1060
1760.6	1068
1761.02	1062
1761.43	1059
1761.85	1073
1762.26	1070
1762.68	1060
1763.1	1058
1763.51	1056
1763.93	1070
1764.34	1060
1764.76	1070
1765.17	1072
1765.59	1071
1766	1063
1766.42	1067
1766.83	1065
1767.25	1056
1767.66	1071
1768.08	1067
1768.49	1060
1768.91	1072
1769.32	1056
1769.74	1067
1770.16	1068
1770.57	1070
1770.98	1071
1771.4	1068
1771.82	1058
1772.23	1063
1772.64	1070
1773.06	1062
1773.47	1072
1773.89	1062
1774.3	1063
1774.72	1060
1775.13	1068
1775.55	1060
1775.96	1070
1776.38	1069
1776.79	1073
1777.21	1070
1777.62	1069
1778.03	1058
1778.45	1073
1778.86	1070
1779.28	1060
1779.69	1058
1780.11	1066
1780.52	1077
1780.94	1056
1781.35	1065
1781.76	1064
1782.18	1064
1782.59	1064
1783.01	1071
1783.42	1057
1783.83	1064
1784.25	1067
1784.66	1067
1785.08	1055
1785.49	1074
1785.9	1063
1786.32	1076
1786.73	1061
1787.14	1072
1787.56	1066
1787.97	1073
1788.39	1064
1788.8	1066
1789.21	1074
1789.63	1070
1790.04	1062
1790.45	1050
1790.87	1056
1791.28	1060
1791.69	1064
1792.11	1068
1792.52	1044
1792.93	1066
1793.35	1066
1793.76	1069
1794.17	1065
1794.59	1067
1795	1066
1795.41	1069
1795.83	1069
1796.24	1074
1796.65	1063
1797.07	1066
1797.48	1066
1797.89	1062
1798.31	1062
1798.72	1062
1799.13	1050
1799.54	1068
1799.96	1067
1800.37	1072
1800.78	1068
1801.19	1062
1801.61	1048
1802.02	1069
1802.43	1070
1802.84	1062
1803.26	1064
1803.67	1067
1804.08	1063
1804.5	1072
1804.91	1065
1805.32	1071
1805.73	1068
1806.15	1066
1806.56	1064
1806.97	1068
1807.38	1058
1807.8	1068
1808.21	1079
1808.62	1064
1809.03	1063
1809.44	1067
1809.86	1073
1810.27	1066
1810.68	1054
1811.09	1061
1811.5	1064
1811.92	1059
1812.33	1070
1812.74	1054
1813.15	1074
1813.56	1070
1813.98	1072
1814.39	1068
1814.8	1072
1815.21	1060
1815.62	1068
1816.03	1070
1816.45	1067
1816.86	1069
1817.27	1075
1817.68	1069
1818.09	1062
1818.5	1065
1818.91	1066
1819.33	1054
1819.74	1068
1820.15	1072
1820.56	1064
1820.97	1060
1821.38	1067
1821.79	1072
1822.21	1061
1822.62	1054
1823.03	1070
1823.44	1062
1823.85	1064
1824.26	1068
1824.67	1062
1825.08	1071
1825.49	1061
1825.9	1068
1826.32	1060
1826.73	1070
1827.14	1066
1827.55	1068
1827.96	1078
1828.37	1058
1828.78	1064
1829.19	1063
1829.6	1074
1830.01	1063
1830.42	1062
1830.83	1072
1831.24	1070
1831.65	1074
1832.06	1073
1832.48	1066
1832.89	1060
1833.3	1060
1833.71	1058
1834.12	1062
1834.53	1052
1834.94	1069
1835.35	1072
1835.76	1066
1836.17	1066
1836.58	1058
1836.99	1062
1837.4	1072
1837.81	1063
1838.22	1070
1838.63	1070
1839.04	1060
1839.45	1070
1839.86	1072
1840.27	1062
1840.68	1069
1841.09	1065
1841.5	1072
1841.91	1062
1842.32	1064
1842.73	1068
1843.14	1074
1843.55	1062
1843.96	1071
1844.36	1065
1844.77	1062
1845.18	1071
1845.59	1070
1846	1062
1846.41	1068
1846.82	1060
1847.23	1072
1847.64	1050
1848.05	1069
1848.46	1059
1848.87	1066
1849.28	1059
1849.69	1067
1850.1	1066
1850.5	1056
1850.91	1063
1851.32	1056
1851.73	1060
1852.14	1071
1852.55	1060
1852.96	1064
1853.37	1066
1853.78	1061
1854.19	1067
1854.59	1068
1855	1060
1855.41	1070
1855.82	1071
1856.23	1067
1856.64	1062
1857.05	1066
1857.46	1064
1857.86	1071
1858.27	1068
1858.68	1062
1859.09	1071
1859.5	1062
1859.91	1074
1860.32	1062
1860.72	1072
1861.13	1061
1861.54	1066
1861.95	1072
1862.36	1072
1862.77	1070
1863.17	1066
1863.58	1062
1863.99	1066
1864.4	1062
1864.81	1072
1865.21	1064
1865.62	1067
1866.03	1058
1866.44	1068
1866.85	1068
1867.25	1068
1867.66	1065
1868.07	1058
1868.48	1061
1868.88	1066
1869.29	1069
1869.7	1072
1870.11	1062
1870.52	1060
1870.92	1068
1871.33	1065
1871.74	1075
1872.15	1058
1872.55	1062
1872.96	1076
1873.37	1069
1873.78	1054
1874.18	1060
1874.59	1064
1875	1065
1875.41	1069
1875.81	1057
1876.22	1064
1876.63	1065
1877.03	1072
1877.44	1070
1877.85	1068
1878.26	1066
1878.66	1063
1879.07	1064
1879.48	1067
1879.88	1062
1880.29	1056
1880.7	1065
1881.1	1067
1881.51	1060
1881.92	1060
1882.32	1068
1882.73	1060
1883.14	1068
1883.54	1064
1883.95	1065
1884.36	1062
1884.77	1058
1885.17	1073
1885.58	1069
1885.98	1058
1886.39	1066
1886.8	1060
1887.2	1060
1887.61	1063
1888.02	1070
1888.42	1055
1888.83	1064
1889.24	1060
1889.64	1067
1890.05	1064
1890.45	1058
1890.86	1069
1891.27	1061
1891.67	1068
1892.08	1060
1892.48	1052
1892.89	1066
1893.3	1071
1893.7	1068
1894.11	1068
1894.51	1074
1894.92	1066
1895.33	1067
1895.73	1068
1896.14	1071
1896.54	1066
1896.95	1067
1897.35	1060
1897.76	1063
1898.17	1063
1898.57	1063
1898.98	1066
1899.38	1061
1899.79	1068
1900.19	1066
1900.6	1074
1901	1056
1901.41	1070
1901.81	1074
1902.22	1058
1902.63	1068
1903.03	1064
1903.44	1064
1903.84	1065
1904.25	1079
1904.65	1068
1905.06	1064
1905.46	1069
1905.87	1066
1906.27	1070
1906.68	1061
1907.08	1064
1907.49	1072
1907.89	1062
1908.3	1068
1908.7	1066
1909.11	1066
1909.51	1054
1909.92	1062
1910.32	1066
1910.72	1058
1911.13	1066
1911.53	1066
1911.94	1062
1912.34	1062
1912.75	1066
1913.15	1068
1913.56	1058
1913.96	1062
1914.37	1067
1914.77	1067
1915.17	1070
1915.58	1061
1915.98	1063
1916.39	1071
1916.79	1062
1917.2	1065
1917.6	1061
1918	1056
1918.41	1068
1918.81	1064
1919.22	1066
1919.62	1063
1920.02	1074
1920.43	1067
1920.83	1064
1921.24	1058
1921.64	1063
1922.04	1062
1922.45	1067
1922.85	1062
1923.26	1068
1923.66	1073
1924.06	1062
1924.47	1072
1924.87	1060
1925.27	1064
1925.68	1065
1926.08	1062
1926.48	1070
1926.89	1060
1927.29	1065
1927.69	1069
1928.1	1070
1928.5	1054
1928.91	1067
1929.31	1056
1929.71	1061
1930.11	1056
1930.52	1069
1930.92	1071
1931.32	1063
1931.73	1069
1932.13	1072
1932.53	1064
1932.94	1066
1933.34	1061
1933.74	1064
1934.15	1070
1934.55	1057
1934.95	1062
1935.35	1072
1935.76	1062
1936.16	1069
1936.56	1074
1936.97	1067
1937.37	1064
1937.77	1071
1938.17	1064
1938.58	1051
1938.98	1064
1939.38	1063
1939.78	1064
1940.19	1044
1940.59	1057
1940.99	1068
1941.39	1060
1941.8	1069
1942.2	1064
1942.6	1067
1943	1065
1943.41	1062
1943.81	1073
1944.21	1065
1944.61	1061
1945.01	1068
1945.42	1072
1945.82	1072
1946.22	1062
1946.62	1061
1947.02	1052
1947.43	1060
1947.83	1065
1948.23	1062
1948.63	1060
1949.03	1059
1949.44	1052
1949.84	1064
1950.24	1062
1950.64	1064
1951.04	1074
1951.44	1069
1951.85	1061
1952.25	1069
1952.65	1066
1953.05	1064
1953.45	1066
1953.85	1068
1954.26	1058
1954.66	1060
1955.06	1065
1955.46	1066
1955.86	1064
1956.26	1067
1956.66	1052
1957.07	1060
1957.47	1056
1957.87	1069
1958.27	1069
1958.67	1062
1959.07	1069
1959.47	1070
1959.87	1063
1960.27	1068
1960.68	1057
1961.08	1066
1961.48	1057
1961.88	1060
1962.28	1058
1962.68	1062
1963.08	1064
1963.48	1062
1963.88	1069
1964.28	1061
1964.68	1057
1965.09	1066
1965.49	1048
1965.89	1062
1966.29	1064
1966.69	1068
1967.09	1063
1967.49	1066
1967.89	1054
1968.29	1058
1968.69	1066
1969.09	1062
1969.49	1062
1969.89	1060
1970.29	1056
1970.69	1056
1971.09	1068
1971.49	1070
1971.89	1052
1972.29	1059
1972.69	1056
1973.09	1058
1973.49	1058
1973.89	1071
1974.29	1064
1974.69	1054
1975.09	1062
1975.49	1067
1975.89	1063
1976.29	1040
1976.69	1060
1977.09	1062
1977.49	1060
1977.89	1061
1978.29	1061
1978.69	1062
1979.09	1062
1979.49	1069
1979.89	1062
1980.29	1070
1980.69	1058
1981.09	1066
1981.49	1052
1981.89	1062
1982.29	1066
1982.69	1070
1983.08	1062
1983.48	1058
1983.88	1068
1984.28	1062
1984.68	1054
1985.08	1065
1985.48	1068
1985.88	1066
1986.28	1057
1986.68	1068
1987.08	1069
1987.47	1065
1987.87	1060
1988.27	1061
1988.67	1063
1989.07	1056
1989.47	1060
1989.87	1058
1990.27	1060
1990.67	1058
1991.06	1070
1991.46	1060
1991.86	1061
1992.26	1064
1992.66	1068
1993.06	1060
1993.46	1067
1993.86	1068
1994.25	1065
1994.65	1062
1995.05	1061
1995.45	1058
1995.85	1068
1996.25	1062
1996.64	1062
1997.04	1062
1997.44	1067
1997.84	1064
1998.24	1069
1998.64	1068
1999.03	1062
1999.43	1066
1999.83	1060
