400.412	1092
400.915	1096
401.417	1097
401.92	1094
402.421	1092
402.925	1088
403.426	1071
403.93	1068
404.431	1073
404.934	1068
405.435	1077
405.939	1072
406.44	1056
406.941	1067
407.444	1068
407.945	1064
408.448	1063
408.949	1064
409.453	1070
409.954	1052
410.454	1059
410.957	1059
411.458	1068
411.959	1059
412.462	1051
412.963	1066
413.466	1059
413.967	1063
414.467	1067
414.97	1064
415.471	1059
415.971	1066
416.474	1051
416.975	1065
417.475	1048
417.978	1043
418.478	1065
418.979	1059
419.481	1064
419.982	1057
420.482	1070
420.983	1057
421.485	1053
421.985	1060
422.486	1060
422.988	1058
423.488	1064
423.988	1050
424.489	1066
424.991	1063
425.491	1062
425.991	1060
426.491	1054
426.991	1066
427.493	1058
427.993	1056
428.493	1079
428.993	1076
429.495	1074
429.995	1086
430.495	1077
430.995	1082
431.495	1086
431.994	1090
432.496	1097
432.996	1100
433.496	1076
433.995	1090
434.495	1062
434.995	1090
435.494	1089
435.996	1072
436.495	1073
436.995	1070
437.494	1080
437.994	1070
438.493	1080
438.993	1072
439.492	1072
439.991	1067
440.493	1066
440.992	1068
441.491	1066
441.99	1075
442.49	1071
442.989	1068
443.488	1069
443.987	1062
444.486	1082
444.985	1080
445.484	1080
445.983	1074
446.482	1066
446.981	1074
447.48	1082
447.979	1068
448.478	1084
448.977	1084
449.476	1080
449.974	1105
450.473	1103
450.972	1103
451.471	1096
451.969	1116
452.468	1108
452.967	1132
453.465	1128
453.964	1136
454.462	1150
454.961	1130
455.457	1161
455.956	1154
456.454	1155
456.953	1147
457.451	1144
457.95	1151
458.448	1145
458.946	1134
459.445	1143
459.943	1145
460.439	1131
460.937	1130
461.435	1121
461.933	1107
462.432	1096
462.93	1109
463.428	1107
463.924	1104
464.422	1102
464.92	1097
465.418	1072
465.916	1083
466.412	1082
466.909	1085
467.407	1078
467.905	1066
468.403	1079
468.899	1088
469.396	1066
469.894	1068
470.392	1071
470.887	1077
471.385	1066
471.883	1071
472.38	1096
472.876	1174
473.373	1283
473.871	1431
474.368	1602
474.864	1664
475.361	1726
475.858	1678
476.354	1586
476.851	1413
477.348	1230
477.844	1108
478.341	1070
478.838	1064
479.333	1054
479.831	1069
480.328	1064
480.823	1060
481.32	1068
481.817	1057
482.312	1063
482.809	1050
483.306	1066
483.801	1059
484.298	1062
484.793	1051
485.289	1061
485.786	1055
486.281	1050
486.778	1065
487.273	1064
487.769	1063
488.266	1061
488.761	1057
489.257	1064
489.752	1046
490.249	1056
490.743	1059
491.24	1052
491.734	1059
492.231	1066
492.725	1066
493.222	1063
493.716	1066
494.212	1054
494.707	1063
495.203	1065
495.697	1063
496.194	1062
496.688	1060
497.184	1052
497.678	1064
498.174	1058
498.669	1055
499.165	1060
499.659	1056
500.155	1058
500.649	1056
501.143	1058
501.639	1060
502.133	1064
502.629	1046
503.123	1063
503.618	1060
504.112	1064
504.606	1060
505.102	1064
505.596	1063
506.089	1055
506.585	1042
507.079	1052
507.574	1067
508.068	1066
508.562	1064
509.057	1061
509.551	1065
510.044	1061
510.54	1061
511.033	1056
511.527	1058
512.022	1064
512.515	1060
513.009	1063
513.502	1061
513.997	1050
514.491	1068
514.984	1058
515.479	1062
515.972	1048
516.465	1069
516.959	1065
517.454	1062
517.947	1061
518.44	1061
518.933	1066
519.428	1069
519.921	1066
520.414	1062
520.907	1070
521.4	1070
521.894	1066
522.387	1062
522.88	1066
523.373	1066
523.866	1078
524.36	1075
524.853	1070
525.346	1071
525.838	1076
526.331	1087
526.824	1078
527.318	1071
527.811	1085
528.303	1086
528.796	1084
529.288	1086
529.781	1082
530.273	1102
530.765	1096
531.258	1106
531.752	1122
532.245	1130
532.737	1133
533.229	1138
533.721	1150
534.213	1153
534.706	1164
535.198	1155
535.69	1170
536.182	1176
536.674	1173
537.166	1134
537.658	1157
538.15	1140
538.642	1132
539.134	1114
539.626	1118
540.118	1104
540.61	1104
541.101	1098
541.593	1093
542.085	1100
542.577	1086
543.068	1080
543.56	1085
544.052	1087
544.543	1070
545.035	1083
545.527	1071
546.018	1074
546.51	1076
547.001	1075
547.493	1080
547.984	1088
548.474	1074
548.965	1070
549.456	1076
549.948	1069
550.439	1068
550.93	1056
551.422	1062
551.913	1061
552.404	1067
552.893	1054
553.384	1075
553.875	1064
554.367	1065
554.858	1060
555.349	1067
555.838	1062
556.329	1060
556.82	1064
557.311	1046
557.802	1059
558.292	1066
558.781	1058
559.272	1062
559.763	1056
560.254	1060
560.742	1062
561.233	1067
561.724	1056
562.215	1042
562.703	1056
563.194	1060
563.685	1056
564.175	1066
564.664	1054
565.154	1048
565.645	1060
566.135	1067
566.624	1063
567.114	1058
567.604	1054
568.093	1062
568.583	1058
569.073	1066
569.562	1066
570.052	1059
570.542	1064
571.03	1066
571.521	1058
572.011	1064
572.499	1057
572.989	1074
573.479	1050
573.967	1065
574.457	1054
574.945	1058
575.435	1062
575.925	1052
576.413	1056
576.903	1056
577.391	1060
577.88	1060
578.37	1064
578.858	1058
579.348	1057
579.835	1058
580.325	1056
580.813	1060
581.302	1038
581.79	1060
582.28	1052
582.767	1052
583.257	1060
583.746	1058
584.234	1055
584.723	1060
585.211	1050
585.7	1054
586.188	1061
586.675	1048
587.164	1052
587.651	1057
588.141	1064
588.628	1051
589.117	1054
589.604	1058
590.094	1054
590.581	1057
591.07	1060
591.557	1060
592.044	1050
592.533	1063
593.02	1059
593.509	1049
593.996	1062
594.483	1061
594.972	1057
595.459	1048
595.948	1064
596.435	1056
596.921	1061
597.41	1062
597.897	1052
598.384	1064
598.872	1058
599.359	1062
599.846	1063
600.334	1060
600.821	1050
601.307	1052
601.796	1054
602.282	1060
602.769	1055
603.257	1051
603.744	1058
604.23	1046
604.717	1059
605.205	1055
605.691	1066
606.178	1052
606.664	1057
607.152	1064
607.638	1052
608.125	1053
608.611	1056
609.099	1062
609.585	1052
610.071	1067
610.557	1056
611.043	1057
611.531	1072
612.017	1060
612.503	1052
612.989	1058
613.475	1061
613.963	1054
614.449	1064
614.935	1059
615.421	1059
615.906	1050
616.392	1061
616.878	1057
617.366	1050
617.851	1061
618.337	1036
618.823	1064
619.308	1056
619.794	1062
620.279	1046
620.765	1053
621.25	1062
621.736	1054
622.223	1055
622.709	1061
623.194	1056
623.679	1061
624.165	1061
624.65	1053
625.135	1062
625.621	1057
626.106	1061
626.591	1062
627.076	1056
627.561	1058
628.047	1050
628.532	1058
629.017	1046
629.502	1059
629.987	1061
630.472	1052
630.957	1059
631.442	1058
631.927	1053
632.412	1050
632.896	1056
633.381	1060
633.866	1058
634.351	1050
634.836	1053
635.318	1067
635.803	1064
636.288	1061
636.773	1058
637.257	1060
637.742	1050
638.226	1051
638.711	1063
639.196	1050
639.68	1063
640.163	1051
640.647	1065
641.131	1061
641.616	1063
642.1	1049
642.585	1057
643.067	1049
643.551	1058
644.035	1048
644.52	1054
645.004	1060
645.488	1055
645.97	1052
646.455	1060
646.939	1059
647.423	1062
647.907	1054
648.389	1057
648.873	1050
649.357	1056
649.841	1056
650.323	1062
650.807	1060
651.291	1059
651.774	1058
652.256	1057
652.74	1057
653.224	1056
653.706	1061
654.189	1056
654.673	1054
655.157	1058
655.638	1050
656.122	1062
656.606	1066
657.087	1058
657.571	1066
658.054	1063
658.536	1040
659.019	1061
659.501	1057
659.984	1062
660.468	1048
660.949	1058
661.432	1075
661.916	1058
662.397	1049
662.88	1058
663.362	1069
663.845	1052
664.328	1054
664.809	1064
665.292	1057
665.773	1056
666.256	1059
666.738	1060
667.221	1052
667.704	1062
668.185	1056
668.668	1067
669.148	1044
669.631	1064
670.112	1052
670.595	1058
671.076	1058
671.559	1052
672.04	1060
672.522	1069
673.003	1061
673.486	1066
673.966	1059
674.449	1068
674.93	1062
675.412	1066
675.893	1064
676.374	1072
676.856	1072
677.337	1072
677.819	1058
678.299	1060
678.782	1088
679.262	1078
679.743	1066
680.225	1100
680.705	1068
681.188	1088
681.668	1108
682.148	1103
682.63	1108
683.111	1131
683.591	1132
684.073	1122
684.553	1130
685.033	1116
685.515	1088
685.995	1107
686.475	1110
686.957	1089
687.437	1090
687.917	1073
688.399	1068
688.879	1072
689.359	1075
689.841	1066
690.32	1052
690.8	1078
691.28	1068
691.762	1048
692.242	1058
692.721	1068
693.201	1058
693.682	1066
694.162	1066
694.642	1062
695.121	1042
695.603	1052
696.082	1071
696.562	1058
697.041	1061
697.521	1056
698.002	1056
698.481	1056
698.961	1061
699.44	1054
699.919	1058
700.399	1052
700.88	1062
701.359	1058
701.838	1053
702.318	1042
702.797	1063
703.276	1077
703.755	1069
704.236	1058
704.715	1060
705.194	1050
705.673	1060
706.152	1053
706.631	1064
707.11	1054
707.589	1058
708.068	1065
708.547	1050
709.025	1052
709.504	1057
709.983	1054
710.462	1054
710.942	1062
711.421	1052
711.9	1051
712.378	1058
712.857	1061
713.336	1052
713.814	1054
714.293	1062
714.771	1048
715.25	1056
715.728	1046
716.207	1050
716.685	1052
717.161	1064
717.64	1055
718.118	1068
718.597	1067
719.075	1071
719.553	1058
720.031	1067
720.51	1062
720.988	1062
721.466	1068
721.944	1054
722.422	1063
722.9	1048
723.376	1057
723.854	1062
724.332	1054
724.81	1066
725.288	1062
725.766	1066
726.244	1064
726.72	1054
727.198	1054
727.676	1048
728.154	1054
728.631	1052
729.109	1053
729.585	1057
730.063	1061
730.54	1056
731.018	1062
731.496	1056
731.971	1054
732.449	1059
732.926	1052
733.404	1052
733.879	1046
734.357	1053
734.834	1054
735.312	1046
735.787	1071
736.265	1052
736.742	1071
737.219	1058
737.695	1060
738.172	1050
738.649	1045
739.124	1059
739.602	1064
740.079	1068
740.556	1044
741.031	1064
741.508	1058
741.985	1070
742.46	1055
742.937	1058
743.412	1054
743.889	1060
744.366	1056
744.841	1046
745.318	1054
745.795	1053
746.27	1060
746.747	1056
747.221	1060
747.698	1064
748.175	1067
748.65	1060
749.126	1054
749.601	1060
750.078	1058
750.552	1062
751.029	1057
751.506	1062
751.98	1060
752.457	1063
752.931	1062
753.408	1059
753.882	1062
754.359	1054
754.833	1065
755.309	1064
755.784	1062
756.26	1061
756.734	1066
757.211	1058
757.685	1063
758.161	1054
758.635	1060
759.109	1057
759.586	1060
760.06	1057
760.536	1056
761.01	1062
761.486	1061
761.96	1054
762.434	1062
762.91	1068
763.384	1071
763.86	1054
764.334	1057
764.808	1067
765.284	1054
765.757	1048
766.233	1063
766.707	1058
767.181	1058
767.656	1069
768.13	1052
768.604	1056
769.08	1062
769.553	1054
770.027	1071
770.502	1064
770.976	1056
771.45	1056
771.925	1061
772.398	1066
772.872	1072
773.345	1056
773.821	1060
774.294	1062
774.768	1050
775.241	1077
775.716	1054
776.19	1057
776.663	1060
777.136	1066
777.611	1054
778.084	1071
778.558	1070
779.031	1071
779.504	1074
779.979	1078
780.452	1095
780.925	1082
781.398	1093
781.871	1101
782.346	1101
782.819	1094
783.292	1096
783.765	1089
784.238	1080
784.71	1085
785.183	1085
785.658	1077
786.131	1068
786.604	1075
787.076	1068
787.549	1076
788.022	1056
788.494	1067
788.967	1068
789.439	1070
789.912	1068
790.387	1062
790.859	1067
791.332	1058
791.804	1060
792.276	1072
792.749	1061
793.221	1063
793.694	1059
794.166	1060
794.638	1061
795.111	1064
795.583	1062
796.055	1062
796.527	1062
797	1061
797.472	1072
797.944	1054
798.416	1059
798.888	1065
799.36	1072
799.832	1054
800.304	1056
800.776	1058
801.248	1067
801.718	1065
802.19	1050
802.662	1071
803.134	1052
803.606	1048
804.078	1068
804.549	1058
805.021	1065
805.493	1062
805.965	1062
806.434	1046
806.906	1069
807.378	1058
807.849	1070
808.321	1068
808.793	1061
809.264	1062
809.734	1065
810.205	1066
810.677	1060
811.148	1067
811.62	1053
812.089	1060
812.56	1055
813.032	1057
813.503	1062
813.974	1055
814.444	1069
814.915	1062
815.386	1068
815.857	1057
816.327	1062
816.798	1052
817.269	1060
817.74	1053
818.209	1064
818.68	1058
819.151	1054
819.62	1062
820.091	1059
820.562	1065
821.031	1064
821.502	1063
821.973	1056
822.442	1065
822.913	1064
823.384	1059
823.852	1072
824.323	1067
824.794	1066
825.263	1066
825.733	1076
826.204	1074
826.673	1067
827.143	1072
827.612	1064
828.082	1075
828.553	1076
829.022	1070
829.492	1081
829.961	1094
830.431	1078
830.901	1078
831.37	1094
831.84	1092
832.309	1100
832.779	1101
833.247	1119
833.718	1126
834.186	1147
834.656	1154
835.124	1186
835.594	1216
836.063	1253
836.533	1263
837.001	1281
837.471	1283
837.939	1279
838.409	1242
838.877	1226
839.347	1214
839.815	1178
840.285	1164
840.753	1163
841.221	1174
841.691	1158
842.159	1161
842.628	1166
843.096	1160
843.566	1186
844.034	1202
844.501	1201
844.971	1244
845.439	1256
845.907	1282
846.376	1274.88
846.844	1288.41
847.313	1263.33
847.781	1235.21
848.248	1233.45
848.718	1198.41
849.185	1153.01
849.653	1159.3
850.122	1140.59
850.59	1109.19
851.057	1113.92
851.525	1098.36
851.994	1098.76
852.461	1096.32
852.928	1092.14
853.398	1079.77
853.865	1081.33
854.332	1076.2
854.799	1081.08
855.269	1078.14
855.736	1076.65
856.203	1079.8
856.67	1076.44
857.139	1075.25
857.606	1067.51
858.073	1064.36
858.54	1072.71
859.009	1063.88
859.476	1071.66
859.943	1069.17
860.41	1071.34
860.877	1062.37
861.344	1064.49
861.812	1067.57
862.279	1059.87
862.746	1055.54
863.213	1062.61
863.68	1064.82
864.146	1063.33
864.615	1054.19
865.082	1067.29
865.548	1070.3
866.015	1061.93
866.481	1061.3
866.948	1065.31
867.415	1063.83
867.881	1063.13
868.348	1066.54
868.814	1059.41
869.283	1064.14
869.749	1052.53
870.215	1062.31
870.682	1061.86
871.148	1057.82
871.614	1061
872.081	1062.13
872.547	1060.04
873.013	1060.59
873.479	1054.9
873.946	1064.5
874.412	1062.46
874.878	1064.78
875.344	1059.09
875.81	1051.68
876.276	1060.89
876.742	1065.4
877.208	1061.62
877.674	1062.45
878.141	1061.24
878.606	1061.22
879.072	1055.24
879.538	1053.59
880.004	1060.67
880.47	1056.34
880.936	1052.73
881.4	1056.68
881.866	1064.93
882.331	1061.5
882.797	1054.51
883.263	1055.25
883.729	1054.06
884.194	1060.34
884.66	1065.99
885.125	1062.79
885.589	1056.65
886.055	1058.98
886.52	1060.23
886.986	1061.25
887.451	1059.61
887.917	1058.11
888.382	1057.56
888.846	1059.6
889.311	1056.56
889.777	1049.17
890.242	1057.98
890.707	1064.01
891.171	1062.44
891.636	1057.76
892.101	1053
892.566	1058.16
893.032	1063.08
893.307	1059
893.778	1057
894.247	1062
894.718	1058
895.187	1046
895.658	1061
896.127	1060
896.598	1059
897.067	1058
897.538	1053
898.009	1060
898.478	1060
898.948	1061
899.417	1060
899.888	1061
900.357	1063
900.827	1060
901.296	1039
901.767	1055
902.235	1056
902.704	1056
903.174	1056
903.643	1061
904.113	1058
904.582	1060
905.052	1064
905.521	1051
905.991	1065
906.46	1074
906.928	1062
907.398	1068
907.867	1067
908.337	1066
908.805	1066
909.276	1064
909.744	1061
910.212	1072
910.682	1053
911.15	1071
911.618	1068
912.089	1054
912.557	1062
913.025	1072
913.495	1064
913.963	1072
914.431	1070
914.901	1069
915.369	1079
915.837	1076
916.306	1070
916.774	1064
917.242	1075
917.712	1078
918.18	1088
918.648	1085
919.117	1094
919.585	1094
920.053	1100
920.52	1115
920.99	1118
921.458	1119
921.925	1125
922.393	1135
922.862	1162
923.33	1150
923.797	1162
924.265	1164
924.732	1162
925.202	1200
925.669	1202
926.137	1183
926.604	1190
927.071	1176
927.541	1178
928.008	1140
928.475	1132
928.942	1134
929.41	1136
929.877	1104
930.346	1098
930.813	1106
931.28	1091
931.747	1092
932.214	1060
932.681	1075
933.148	1076
933.615	1075
934.084	1075
934.551	1076
935.018	1064
935.485	1072
935.952	1064
936.419	1070
936.886	1072
937.352	1058
937.819	1065
938.286	1078
938.753	1071
939.219	1076
939.686	1066
940.153	1076
940.619	1071
941.086	1070
941.553	1077
942.019	1076
942.486	1077
942.952	1076
943.419	1088
943.885	1085
944.352	1093
944.818	1094
945.284	1091
945.751	1106
946.217	1119
946.683	1114
947.15	1123
947.616	1126
948.082	1114
948.549	1124
949.015	1084
949.481	1094
949.947	1102
950.413	1082
950.879	1080
951.345	1081
951.809	1074
952.275	1056
952.741	1089
953.207	1070
953.673	1057
954.139	1072
954.605	1072
955.071	1070
955.535	1071
956.001	1072
956.467	1070
956.932	1068
957.398	1064
957.864	1071
958.328	1071
958.793	1070
959.259	1084
959.725	1072
960.19	1070
960.654	1086
961.12	1088
961.585	1084
962.051	1114
962.516	1122
962.98	1137
963.445	1145
963.91	1153
964.376	1142
964.839	1120
965.305	1133
965.77	1112
966.233	1091
966.699	1085
967.164	1076
967.629	1075
968.092	1075
968.557	1072
969.023	1066
969.486	1075
969.951	1072
970.416	1065
970.879	1072
971.344	1064
971.809	1066
972.272	1056
972.737	1065
973.202	1075
973.665	1054
974.13	1063
974.595	1062
975.058	1062
975.522	1056
975.985	1053
976.45	1064
976.915	1067
977.378	1060
977.842	1055
978.305	1064
978.77	1061
979.232	1057
979.697	1062
980.161	1059
980.624	1062
981.089	1064
981.551	1058
982.016	1061
982.478	1066
982.943	1062
983.405	1065
983.869	1065
984.332	1057
984.796	1064
985.259	1059
985.723	1061
986.185	1058
986.649	1056
987.112	1063
987.576	1056
988.038	1058
988.502	1048
988.964	1051
989.428	1054
989.891	1062
990.353	1062
990.817	1062
991.279	1062
991.743	1064
992.205	1070
992.669	1058
993.131	1065
993.593	1063
994.056	1066
994.518	1060
994.98	1063
995.444	1070
995.906	1062
996.369	1067
996.831	1071
997.293	1075
997.757	1056
998.218	1075
998.68	1074
999.144	1074
999.605	1068
1000.07	1077
1000.53	1078
1000.99	1076
1001.45	1082
1001.91	1070
1002.38	1077
1002.84	1073
1003.3	1071
1003.76	1071
1004.23	1058
1004.69	1068
1005.15	1063
1005.61	1064
1006.07	1064
1006.53	1068
1007	1066
1007.46	1054
1007.92	1068
1008.38	1060
1008.84	1061
1009.3	1064
1009.77	1058
1010.23	1067
1010.69	1057
1011.15	1058
1011.61	1064
1012.07	1062
1012.53	1052
1013	1058
1013.46	1065
1013.92	1059
1014.38	1062
1014.84	1066
1015.3	1068
1015.76	1055
1016.22	1069
1016.68	1066
1017.14	1058
1017.61	1054
1018.07	1064
1018.53	1054
1018.99	1061
1019.45	1056
1019.91	1062
1020.37	1060
1020.83	1060
1021.29	1056
1021.75	1050
1022.21	1060
1022.67	1062
1023.13	1070
1023.59	1070
1024.05	1058
1024.51	1054
1024.97	1062
1025.44	1064
1025.9	1055
1026.36	1054
1026.82	1064
1027.28	1061
1027.74	1062
1028.2	1064
1028.66	1070
1029.12	1055
1029.58	1056
1030.04	1071
1030.5	1067
1030.96	1054
1031.42	1066
1031.88	1077
1032.34	1057
1032.79	1066
1033.25	1077
1033.71	1074
1034.17	1074
1034.63	1062
1035.09	1082
1035.55	1081
1036.01	1086
1036.47	1081
1036.93	1091
1037.39	1089
1037.85	1089
1038.31	1093
1038.77	1088
1039.23	1093
1039.69	1098
1040.15	1088
1040.61	1080
1041.06	1077
1041.52	1073
1041.98	1078
1042.44	1066
1042.9	1076
1043.36	1073
1043.82	1073
1044.28	1072
1044.74	1066
1045.2	1067
1045.65	1060
1046.11	1063
1046.57	1074
1047.03	1056
1047.49	1055
1047.95	1062
1048.41	1068
1048.86	1058
1049.32	1061
1049.78	1060
1050.24	1060
1050.7	1058
1051.16	1055
1051.61	1052
1052.07	1069
1052.53	1062
1052.99	1071
1053.45	1066
1053.91	1059
1054.36	1052
1054.82	1066
1055.28	1067
1055.74	1048
1056.2	1055
1056.65	1062
1057.11	1062
1057.57	1058
1058.03	1053
1058.49	1060
1058.94	1039
1059.4	1068
1059.86	1056
1060.32	1064
1060.77	1060
1061.23	1064
1061.69	1065
1062.15	1060
1062.6	1056
1063.06	1060
1063.52	1064
1063.98	1056
1064.43	1062
1064.89	1066
1065.35	1055
1065.81	1064
1066.26	1062
1066.72	1067
1067.18	1055
1067.64	1063
1068.09	1062
1068.55	1062
1069.01	1057
1069.46	1057
1069.92	1056
1070.38	1056
1070.83	1052
1071.29	1059
1071.75	1060
1072.2	1066
1072.66	1062
1073.12	1064
1073.57	1065
1074.03	1050
1074.49	1048
1074.94	1070
1075.4	1062
1075.86	1055
1076.31	1069
1076.77	1064
1077.23	1062
1077.68	1067
1078.14	1060
1078.6	1055
1079.05	1060
1079.51	1067
1079.96	1066
1080.42	1059
1080.88	1060
1081.33	1066
1081.79	1052
1082.24	1062
1082.7	1074
1083.16	1071
1083.61	1068
1084.07	1065
1084.52	1068
1084.98	1070
1085.44	1064
1085.89	1081
1086.35	1082
1086.8	1076
1087.26	1078
1087.71	1087
1088.17	1070
1088.63	1081
1089.08	1072
1089.54	1074
1089.99	1091
1090.45	1068
1090.9	1070
1091.36	1076
1091.81	1073
1092.27	1058
1092.72	1081
1093.18	1076
1093.63	1068
1094.09	1065
1094.54	1068
1095	1066
1095.45	1050
1095.91	1071
1096.36	1064
1096.82	1062
1097.27	1058
1097.73	1069
1098.18	1056
1098.64	1066
1099.09	1065
1099.55	1069
1100	1065
1100.46	1046
1100.91	1071
1101.37	1076
1101.82	1060
1102.27	1059
1102.73	1062
1103.18	1058
1103.64	1051
1104.09	1066
1104.55	1056
1105	1064
1105.46	1060
1105.91	1070
1106.36	1062
1106.82	1056
1107.27	1054
1107.73	1060
1108.18	1056
1108.63	1062
1109.09	1060
1109.54	1058
1110	1054
1110.45	1053
1110.9	1062
1111.36	1069
1111.81	1058
1112.26	1076
1112.72	1065
1113.17	1064
1113.63	1060
1114.08	1061
1114.53	1071
1114.99	1062
1115.44	1060
1115.89	1064
1116.35	1064
1116.8	1070
1117.25	1062
1117.71	1062
1118.16	1059
1118.61	1069
1119.07	1070
1119.52	1083
1119.97	1070
1120.43	1065
1120.88	1060
1121.33	1076
1121.79	1070
1122.24	1068
1122.69	1076
1123.14	1060
1123.6	1070
1124.05	1087
1124.5	1080
1124.96	1080
1125.41	1088
1125.86	1088
1126.31	1096
1126.77	1103
1127.22	1101
1127.67	1100
1128.12	1112
1128.58	1121
1129.03	1123
1129.48	1123
1129.93	1121
1130.39	1124
1130.84	1114
1131.29	1112
1131.74	1138
1132.19	1108
1132.65	1125
1133.1	1118
1133.55	1108
1134	1112
1134.46	1092
1134.91	1086
1135.36	1092
1135.81	1082
1136.26	1094
1136.72	1078
1137.17	1074
1137.62	1080
1138.07	1079
1138.52	1075
1138.98	1087
1139.43	1066
1139.88	1072
1140.33	1076
1140.78	1090
1141.23	1087
1141.68	1079
1142.14	1090
1142.59	1080
1143.04	1088
1143.49	1089
1143.94	1093
1144.39	1090
1144.84	1102
1145.3	1089
1145.75	1098
1146.2	1104
1146.65	1102
1147.1	1094
1147.55	1090
1148	1085
1148.45	1095
1148.9	1090
1149.35	1088
1149.81	1076
1150.26	1082
1150.71	1078
1151.16	1066
1151.61	1065
1152.06	1073
1152.51	1068
1152.96	1066
1153.41	1080
1153.86	1076
1154.31	1066
1154.76	1070
1155.21	1076
1155.66	1062
1156.11	1075
1156.57	1069
1157.02	1072
1157.47	1067
1157.92	1068
1158.37	1070
1158.82	1066
1159.27	1062
1159.72	1068
1160.17	1062
1160.62	1073
1161.07	1066
1161.52	1070
1161.97	1067
1162.42	1064
1162.87	1073
1163.32	1066
1163.77	1072
1164.22	1073
1164.67	1066
1165.12	1081
1165.57	1068
1166.02	1071
1166.47	1074
1166.91	1070
1167.37	1063
1167.81	1078
1168.26	1075
1168.71	1081
1169.16	1080
1169.61	1076
1170.06	1072
1170.51	1089
1170.96	1082
1171.41	1099
1171.86	1087
1172.31	1078
1172.76	1100
1173.21	1100
1173.66	1109
1174.1	1109
1174.55	1106
1175	1110
1175.45	1096
1175.9	1100
1176.35	1114
1176.8	1096
1177.25	1088
1177.7	1099
1178.14	1106
1178.59	1094
1179.04	1092
1179.49	1096
1179.94	1107
1180.39	1105
1180.84	1119
1181.28	1139
1181.73	1118
1182.18	1129
1182.63	1134
1183.08	1132
1183.53	1134
1183.97	1133
1184.42	1108
1184.87	1096
1185.32	1086
1185.77	1092
1186.22	1082
1186.66	1080
1187.11	1078
1187.56	1068
1188.01	1072
1188.46	1067
1188.9	1074
1189.35	1074
1189.8	1075
1190.25	1064
1190.69	1071
1191.14	1069
1191.59	1054
1192.04	1070
1192.49	1072
1192.93	1059
1193.38	1064
1193.83	1070
1194.28	1060
1194.72	1058
1195.17	1068
1195.62	1066
1196.07	1057
1196.51	1058
1196.96	1055
1197.41	1066
1197.86	1062
1198.3	1060
1198.75	1056
1199.2	1073
1199.64	1060
1200.09	1068
1200.54	1060
1200.99	1064
1201.43	1060
1201.88	1065
1202.33	1066
1202.77	1066
1203.22	1061
1203.67	1070
1204.11	1053
1204.56	1057
1205.01	1059
1205.45	1064
1205.9	1070
1206.35	1056
1206.79	1069
1207.24	1064
1207.69	1061
1208.13	1059
1208.58	1070
1209.03	1062
1209.47	1052
1209.92	1066
1210.36	1059
1210.81	1067
1211.26	1061
1211.7	1060
1212.15	1064
1212.6	1069
1213.04	1062
1213.49	1078
1213.93	1063
1214.38	1058
1214.83	1074
1215.27	1064
1215.72	1064
1216.16	1068
1216.61	1074
1217.05	1062
1217.5	1058
1217.95	1064
1218.39	1061
1218.84	1054
1219.28	1053
1219.73	1067
1220.17	1067
1220.62	1065
1221.07	1069
1221.51	1068
1221.96	1069
1222.4	1066
1222.85	1060
1223.29	1062
1223.74	1055
1224.18	1058
1224.63	1071
1225.07	1061
1225.52	1058
1225.96	1069
1226.41	1062
1226.85	1077
1227.3	1061
1227.74	1064
1228.19	1058
1228.63	1064
1229.08	1076
1229.52	1074
1229.97	1056
1230.41	1066
1230.86	1082
1231.3	1083
1231.75	1066
1232.19	1080
1232.64	1078
1233.08	1082
1233.53	1076
1233.97	1090
1234.41	1089
1234.86	1089
1235.3	1080
1235.75	1092
1236.19	1096
1236.64	1087
1237.08	1096
1237.53	1083
1237.97	1082
1238.41	1085
1238.86	1092
1239.3	1074
1239.75	1066
1240.19	1073
1240.63	1073
1241.08	1072
1241.52	1050
1241.97	1064
1242.41	1067
1242.85	1068
1243.3	1068
1243.74	1061
1244.19	1062
1244.63	1065
1245.07	1067
1245.52	1071
1245.96	1054
1246.4	1052
1246.85	1058
1247.29	1064
1247.73	1056
1248.18	1062
1248.62	1065
1249.06	1059
1249.51	1056
1249.95	1059
1250.39	1060
1250.84	1054
1251.28	1050
1251.72	1058
1252.17	1064
1252.61	1061
1253.05	1054
1253.5	1064
1253.94	1062
1254.38	1054
1254.83	1060
1255.27	1062
1255.71	1062
1256.15	1058
1256.6	1068
1257.04	1052
1257.48	1061
1257.92	1064
1258.37	1062
1258.81	1053
1259.25	1046
1259.7	1060
1260.14	1068
1260.58	1052
1261.02	1054
1261.47	1057
1261.91	1062
1262.35	1050
1262.79	1062
1263.24	1058
1263.68	1060
1264.12	1066
1264.56	1059
1265	1062
1265.44	1053
1265.89	1058
1266.33	1058
1266.77	1059
1267.21	1054
1267.66	1065
1268.1	1061
1268.54	1057.96
1268.98	1065.84
1269.42	1059.9
1269.86	1068.77
1270.31	1065.68
1270.75	1057.65
1271.19	1063.84
1271.63	1055.57
1272.07	1047.22
1272.52	1064.1
1272.96	1062.17
1273.4	1063.55
1273.84	1057.45
1274.28	1058.52
1274.72	1062.93
1275.16	1063.52
1275.6	1065.54
1276.05	1060.6
1276.49	1052.01
1276.93	1056.56
1277.37	1072.43
1277.81	1062.47
1278.25	1053.81
1278.69	1063.06
1279.13	1065.46
1279.58	1058.24
1280.02	1063.25
1280.46	1069.42
1280.9	1064.41
1281.34	1060.4
1281.78	1065.52
1282.22	1062.59
1282.66	1066.5
1283.1	1063.94
1283.54	1060.16
1283.98	1063.48
1284.42	1063.18
1284.87	1059.75
1285.31	1063.11
1285.75	1067.64
1286.19	1067.57
1286.63	1064.68
1287.07	1058.49
1287.51	1065.18
1287.95	1063.48
1288.39	1067.37
1288.83	1070.29
1289.27	1069.03
1289.71	1064.72
1290.15	1068.12
1290.59	1065.7
1291.03	1069.32
1291.47	1077.69
1291.91	1083.39
1292.35	1083.3
1292.79	1075.36
1293.23	1080.74
1293.67	1085.23
1294.11	1090.91
1294.55	1093.91
1294.99	1105.73
1295.43	1103.51
1295.87	1110.67
1296.31	1100.51
1296.75	1102.64
1297.19	1100.72
1297.63	1106.32
1298.07	1104.24
1298.51	1096.07
1298.95	1092.68
1299.39	1091.6
1299.83	1087.18
1300.27	1085.32
1300.71	1076.26
1301.15	1075.68
1301.59	1074.83
1302.02	1079.29
1302.46	1074.35
1302.9	1074.16
1303.34	1077.76
1303.78	1081.33
1304.22	1079.36
1304.66	1074.93
1305.1	1076.13
1305.54	1077.67
1305.98	1085.6
1306.42	1083.92
1306.86	1083.73
1307.29	1088.86
1307.73	1084.14
1308.17	1076.68
1308.61	1088.29
1309.05	1095.25
1309.49	1093.5
1309.93	1099.23
1310.36	1093.7
1310.8	1111.8
1311.24	1103.91
1311.68	1108.62
1312.12	1119.08
1312.56	1125.72
1313	1141.85
1313.38	1141
1313.83	1124
1314.27	1153
1314.72	1143
1315.16	1126
1315.6	1112
1316.05	1118
1316.49	1113
1316.93	1106
1317.38	1097
1317.82	1091
1318.26	1086
1318.71	1082
1319.15	1082
1319.59	1086
1320.04	1075
1320.48	1082
1320.92	1071
1321.37	1070
1321.81	1061
1322.25	1078
1322.7	1069
1323.14	1066
1323.58	1076
1324.03	1060
1324.47	1072
1324.91	1066
1325.35	1077
1325.8	1067
1326.24	1069
1326.68	1075
1327.13	1070
1327.57	1071
1328.01	1080
1328.45	1065
1328.9	1083
1329.34	1074
1329.78	1082
1330.22	1072
1330.67	1072
1331.11	1089
1331.55	1090
1331.99	1096
1332.44	1100
1332.88	1113
1333.32	1094
1333.76	1104
1334.21	1125
1334.65	1115
1335.09	1138
1335.53	1134
1335.97	1162
1336.42	1148
1336.86	1172
1337.3	1181
1337.74	1196
1338.18	1209
1338.63	1223
1339.07	1231
1339.51	1230
1339.95	1249
1340.39	1228
1340.84	1240
1341.28	1222
1341.72	1226
1342.16	1202
1342.6	1194
1343.05	1180
1343.49	1176
1343.93	1161
1344.37	1154
1344.81	1144
1345.25	1132
1345.69	1147
1346.14	1148
1346.58	1151
1347.02	1172
1347.46	1160
1347.9	1176
1348.34	1178
1348.78	1180
1349.22	1172
1349.66	1196
1350.11	1172
1350.55	1181
1350.99	1193
1351.43	1170
1351.87	1175
1352.31	1136
1352.75	1139
1353.19	1137
1353.63	1140
1354.07	1116
1354.52	1111
1354.96	1120
1355.4	1084
1355.84	1116
1356.28	1106
1356.72	1114
1357.16	1094
1357.6	1111
1358.04	1102
1358.48	1106
1358.92	1097
1359.36	1099
1359.8	1105
1360.24	1100
1360.68	1101
1361.12	1107
1361.56	1097
1362	1106
1362.44	1092
1362.88	1096
1363.32	1098
1363.76	1094
1364.2	1100
1364.64	1105
1365.08	1096
1365.52	1080
1365.96	1098
1366.4	1083
1366.84	1091
1367.28	1070
1367.72	1076
1368.16	1066
1368.6	1071
1369.04	1083
1369.48	1080
1369.92	1066
1370.36	1082
1370.8	1076
1371.24	1084
1371.68	1096
1372.12	1086
1372.56	1086
1373	1088
1373.44	1086
1373.88	1073
1374.32	1069
1374.76	1084
1375.19	1074
1375.63	1072
1376.07	1058
1376.51	1056
1376.95	1071
1377.39	1069
1377.83	1066
1378.27	1075
1378.71	1068
1379.15	1078
1379.58	1062
1380.02	1071
1380.46	1058
1380.9	1059
1381.34	1065
1381.78	1058
1382.22	1077
1382.66	1056
1383.09	1072
1383.53	1067
1383.97	1058
1384.41	1072
1384.85	1063
1385.29	1075
1385.73	1061
1386.16	1074
1386.6	1077
1387.04	1069
1387.48	1064
1387.92	1068
1388.36	1077
1388.79	1068
1389.23	1072
1389.67	1080
1390.11	1084
1390.55	1070
1390.98	1080
1391.42	1070
1391.86	1072
1392.3	1072
1392.74	1074
1393.18	1076
1393.61	1066
1394.05	1071
1394.49	1071
1394.93	1060
1395.36	1062
1395.8	1067
1396.24	1074
1396.68	1060
1397.11	1063
1397.55	1068
1397.99	1077
1398.43	1068
1398.86	1068
1399.3	1070
1399.74	1069
1400.18	1063
1400.61	1075
1401.05	1070
1401.49	1064
1401.93	1069
1402.36	1071
1402.8	1076
1403.24	1081
1403.67	1073
1404.11	1070
1404.55	1070
1404.99	1078
1405.42	1079
1405.86	1076
1406.3	1068
1406.73	1088
1407.17	1086
1407.61	1088
1408.04	1078
1408.48	1095
1408.92	1095
1409.35	1088
1409.79	1086
1410.23	1090
1410.66	1108
1411.1	1100
1411.54	1106
1411.97	1116
1412.41	1116
1412.85	1137
1413.28	1128
1413.72	1131
1414.16	1144
1414.59	1148
1415.03	1144
1415.47	1149
1415.9	1148
1416.34	1134
1416.77	1124
1417.21	1130
1417.65	1143
1418.08	1127
1418.52	1104
1418.95	1112
1419.39	1086
1419.82	1112
1420.26	1092
1420.7	1082
1421.13	1090
1421.57	1094
1422	1072
1422.44	1082
1422.88	1082
1423.31	1082
1423.75	1074
1424.18	1080
1424.62	1074
1425.05	1076
1425.49	1072
1425.92	1072
1426.36	1078
1426.8	1074
1427.23	1058
1427.67	1073
1428.1	1074
1428.54	1062
1428.97	1074
1429.41	1066
1429.84	1050
1430.28	1080
1430.71	1074
1431.15	1068
1431.58	1075
1432.02	1062
1432.45	1058
1432.89	1072
1433.32	1072
1433.76	1072
1434.19	1062
1434.63	1056
1435.06	1070
1435.5	1070
1435.93	1068
1436.37	1075
1436.8	1076
1437.24	1072
1437.67	1072
1438.11	1086
1438.54	1066
1438.97	1093
1439.41	1092
1439.84	1090
1440.28	1092
1440.71	1112
1441.15	1113
1441.58	1106
1442.01	1122
1442.45	1110
1442.88	1106
1443.32	1116
1443.75	1118
1444.19	1100
1444.62	1094
1445.05	1114
1445.49	1100
1445.92	1118
1446.36	1114
1446.79	1116
1447.22	1120
1447.66	1140
1448.09	1158
1448.52	1149
1448.96	1175
1449.39	1195
1449.83	1174
1450.26	1193
1450.69	1192
1451.13	1190
1451.56	1198
1451.99	1188
1452.43	1221
1452.86	1238
1453.29	1236
1453.73	1258
1454.16	1286
1454.59	1302
1455.03	1321
1455.46	1307
1455.89	1290
1456.33	1285
1456.76	1222
1457.19	1176
1457.63	1170
1458.06	1121
1458.49	1133
1458.93	1124
1459.36	1118
1459.79	1103
1460.23	1111
1460.66	1104
1461.09	1098
1461.52	1111
1461.95	1108
1462.39	1113
1462.82	1093
1463.25	1098
1463.69	1107
1464.12	1098
1464.55	1108
1464.99	1112
1465.42	1125
1465.85	1106
1466.28	1118
1466.71	1126
1467.15	1137
1467.58	1143
1468.01	1147
1468.44	1148
1468.88	1167
1469.31	1173
1469.74	1205
1470.17	1218
1470.6	1223
1471.04	1221
1471.47	1222
1471.9	1211
1472.33	1181
1472.76	1166
1473.2	1134
1473.63	1126
1474.06	1134
1474.49	1127
1474.92	1114
1475.36	1098
1475.79	1092
1476.22	1098
1476.65	1098
1477.08	1094
1477.51	1075
1477.95	1078
1478.38	1087
1478.81	1080
1479.24	1082
1479.67	1078
1480.1	1078
1480.54	1076
1480.97	1064
1481.4	1058
1481.83	1069
1482.26	1073
1482.69	1080
1483.12	1075
1483.55	1055
1483.98	1075
1484.42	1066
1484.85	1069
1485.28	1076
1485.71	1070
1486.14	1064
1486.57	1058
1487	1076
1487.43	1071
1487.86	1064
1488.3	1067
1488.73	1071
1489.16	1064
1489.59	1064
1490.02	1075
1490.45	1074
1490.88	1065
1491.31	1077
1491.74	1065
1492.17	1062
1492.6	1066
1493.03	1066
1493.46	1070
1493.89	1058
1494.32	1077
1494.75	1063
1495.18	1069
1495.61	1060
1496.04	1068
1496.48	1071
1496.9	1065
1497.33	1065
1497.77	1072
1498.19	1070
1498.62	1063
1499.06	1066
1499.48	1052
1499.91	1068
1500.35	1073
1500.77	1067
1501.2	1058
1501.63	1076
1502.06	1065
1502.49	1070
1502.92	1074
1503.35	1076
1503.78	1066
1504.21	1068
1504.64	1061
1505.07	1071
1505.5	1076
1505.93	1080
1506.36	1062
1506.79	1077
1507.22	1070
1507.65	1074
1508.08	1058
1508.51	1069
1508.94	1068
1509.36	1064
1509.79	1076
1510.22	1066
1510.65	1079
1511.08	1076
1511.51	1069
1511.94	1066
1512.37	1070
1512.8	1068
1513.23	1060
1513.66	1087
1514.09	1081
1514.51	1084
1514.94	1078
1515.37	1087
1515.8	1076
1516.23	1086
1516.66	1102
1517.09	1112
1517.52	1143
1517.94	1164
1518.37	1162
1518.8	1168
1519.23	1160
1519.66	1145
1520.09	1108
1520.52	1099
1520.94	1092
1521.37	1068
1521.8	1074
1522.23	1079
1522.66	1070
1523.09	1068
1523.51	1060
1523.94	1077
1524.37	1080
1524.8	1070
1525.22	1071
1525.65	1084
1526.08	1067
1526.51	1071
1526.94	1064
1527.37	1063
1527.79	1072
1528.22	1071
1528.65	1072
1529.08	1064
1529.5	1069
1529.93	1065
1530.36	1075
1530.79	1076
1531.21	1063
1531.64	1064
1532.07	1073
1532.5	1060
1532.92	1064
1533.35	1071
1533.78	1070
1534.21	1068
1534.63	1053
1535.06	1068
1535.49	1067
1535.92	1069
1536.34	1073
1536.77	1068
1537.2	1059
1537.62	1067
1538.05	1059
1538.48	1076
1538.91	1072
1539.33	1063
1539.76	1076
1540.19	1068
1540.61	1071
1541.04	1071
1541.47	1073
1541.9	1054
1542.32	1078
1542.75	1066
1543.18	1067
1543.6	1048
1544.03	1072
1544.46	1056
1544.88	1072
1545.31	1068
1545.73	1067
1546.16	1072
1546.59	1066
1547.01	1066
1547.44	1069
1547.87	1064
1548.29	1076
1548.72	1066
1549.15	1056
1549.57	1074
1550	1071
1550.42	1074
1550.85	1074
1551.28	1079
1551.7	1073
1552.13	1077
1552.55	1067
1552.98	1084
1553.41	1081
1553.83	1085
1554.26	1062
1554.69	1096
1555.11	1086
1555.54	1079
1555.96	1080
1556.39	1088
1556.81	1096
1557.24	1091
1557.66	1086
1558.09	1090
1558.52	1099
1558.94	1100
1559.37	1111
1559.79	1108
1560.22	1096
1560.64	1104
1561.07	1106
1561.49	1117
1561.92	1106
1562.34	1110
1562.77	1114
1563.2	1116
1563.62	1111
1564.04	1106
1564.47	1090
1564.9	1105
1565.32	1110
1565.75	1114
1566.17	1105
1566.6	1097
1567.02	1098
1567.44	1102
1567.87	1095
1568.3	1098
1568.72	1094
1569.14	1095
1569.57	1079
1569.99	1081
1570.42	1092
1570.84	1087
1571.27	1092
1571.69	1089
1572.12	1082
1572.54	1072
1572.97	1077
1573.39	1086
1573.82	1072
1574.24	1068
1574.66	1072
1575.09	1080
1575.51	1066
1575.94	1062
1576.36	1077
1576.79	1065
1577.21	1070
1577.63	1071
1578.06	1063
1578.48	1061
1578.91	1068
1579.33	1070
1579.75	1064
1580.18	1068
1580.6	1069
1581.03	1068
1581.45	1067
1581.87	1060
1582.3	1062
1582.72	1069
1583.15	1062
1583.57	1062
1583.99	1061
1584.42	1068
1584.84	1063
1585.26	1067
1585.69	1062
1586.11	1072
1586.53	1060
1586.96	1058
1587.38	1064
1587.8	1058
1588.23	1054
1588.65	1060
1589.07	1056
1589.5	1056
1589.92	1054
1590.34	1062
1590.77	1052
1591.19	1055
1591.61	1055
1592.04	1066
1592.46	1050
1592.88	1064
1593.3	1058
1593.73	1065
1594.15	1054
1594.57	1068
1595	1063
1595.42	1059
1595.84	1064
1596.27	1067
1596.69	1056
1597.11	1052
1597.53	1044
1597.96	1070
1598.38	1050
1598.8	1056
1599.22	1058
1599.65	1064
1600.07	1052
1600.49	1062
1600.91	1056
1601.34	1060
1601.76	1050
1602.18	1056
1602.6	1054
1603.02	1060
1603.45	1060
1603.87	1058
1604.29	1057
1604.71	1052
1605.14	1053
1605.56	1062
1605.98	1056
1606.4	1050
1606.82	1060
1607.25	1058
1607.67	1056
1608.09	1052
1608.51	1065
1608.93	1066
1609.35	1053
1609.78	1057
1610.2	1070
1610.62	1065
1611.04	1056
1611.46	1060
1611.89	1070
1612.31	1046
1612.73	1058
1613.15	1068
1613.57	1054
1613.99	1053
1614.41	1065
1614.83	1056
1615.26	1064
1615.68	1058
1616.1	1058
1616.52	1054
1616.94	1058
1617.36	1068
1617.78	1064
1618.21	1052
1618.63	1056
1619.05	1056
1619.47	1068
1619.89	1055
1620.31	1060
1620.73	1058
1621.15	1059
1621.57	1060
1621.99	1062
1622.41	1059
1622.83	1068
1623.26	1070
1623.68	1065
1624.1	1051
1624.52	1064
1624.94	1052
1625.36	1068
1625.78	1066
1626.2	1060
1626.62	1062
1627.04	1060
1627.46	1061
1627.88	1066
1628.3	1060
1628.72	1061
1629.14	1048
1629.56	1063
1629.98	1073
1630.4	1066
1630.82	1068
1631.24	1064
1631.66	1070
1632.08	1064
1632.5	1066
1632.92	1061
1633.34	1060
1633.76	1066
1634.18	1057
1634.6	1062
1635.02	1071
1635.44	1066
1635.86	1061
1636.28	1065
1636.7	1054
1637.12	1056
1637.54	1071
1637.96	1069
1638.38	1067
1638.8	1059
1639.22	1068
1639.64	1059
1640.06	1061
1640.48	1068
1640.9	1070
1641.32	1062
1641.74	1057
1642.16	1063
1642.57	1052
1642.99	1066
1643.41	1071
1643.83	1065
1644.25	1062
1644.67	1060
1645.09	1056
1645.51	1052
1645.93	1063
1646.35	1067
1646.77	1066
1647.19	1060
1647.6	1061
1648.02	1060
1648.44	1056
1648.86	1065
1649.28	1061
1649.7	1054
1650.12	1054
1650.54	1057
1650.95	1064
1651.37	1057
1651.79	1060
1652.21	1058
1652.63	1061
1653.05	1049
1653.46	1054
1653.88	1061
1654.3	1056
1654.72	1062
1655.14	1058
1655.56	1067
1655.98	1056
1656.39	1058
1656.81	1059
1657.23	1063
1657.65	1053
1658.07	1065
1658.48	1052
1658.9	1062
1659.32	1061
1659.74	1066
1660.16	1058
1660.57	1057
1660.99	1054
1661.41	1066
1661.83	1046
1662.25	1059
1662.66	1052
1663.08	1056
1663.5	1060
1663.92	1058
1664.33	1051
1664.75	1057
1665.17	1052
1665.59	1056
1666.01	1054
1666.42	1055
1666.84	1063
1667.26	1055.98
1667.67	1060.92
1668.09	1062.98
1668.51	1052.23
1668.93	1052.9
1669.34	1076.91
1669.76	1063.23
1670.18	1066.26
1670.6	1061.88
1671.01	1063.6
1671.43	1061.99
1671.85	1064.03
1672.26	1058.01
1672.68	1065.03
1673.1	1056.66
1673.51	1069.16
1673.93	1060.16
1674.35	1058.05
1674.77	1062.09
1675.18	1063.49
1675.6	1068.74
1676.02	1064.28
1676.43	1058.4
1676.85	1070.38
1677.27	1068.84
1677.68	1063.96
1678.1	1067.24
1678.52	1070.4
1678.93	1063.58
1679.35	1066.42
1679.77	1064.39
1680.18	1058.32
1680.6	1058.62
1681.01	1058.79
1681.43	1067.32
1681.85	1064.1
1682.26	1065.83
1682.68	1068.23
1683.1	1065.79
1683.51	1059.86
1683.93	1068.07
1684.35	1069.11
1684.76	1063.08
1685.18	1062.94
1685.59	1065.05
1686.01	1070.64
1686.43	1060.78
1686.84	1058.45
1687.26	1063.32
1687.67	1063.34
1688.09	1063.35
1688.5	1057.88
1688.92	1059.56
1689.34	1060.58
1689.75	1060.03
1690.17	1056.19
1690.58	1059.07
1691	1058.92
1691.42	1056.33
1691.83	1061.59
1692.24	1059.97
1692.66	1058.91
1693.08	1059.81
1693.49	1058.94
1693.91	1059.96
1694.32	1056.92
1694.74	1059.1
1695.15	1065.18
1695.57	1060.29
1695.98	1059.35
1696.4	1054.99
1696.81	1056
1697.23	1056.88
1697.64	1058.94
1698.06	1051.77
1698.48	1051.43
1698.89	1059.01
1699.3	1055.02
1699.72	1054.02
1700.14	1054.52
1700.55	1056.48
1700.97	1052.56
1701.38	1058.47
1701.79	1058.44
1702.21	1065.42
1702.62	1058.88
1703.04	1051.82
1703.45	1056.78
1703.87	1062.15
1704.28	1061.84
1704.7	1061.47
1705.11	1058.76
1705.53	1053.25
1705.94	1052.93
1706.35	1053.82
1706.77	1055.82
1707.18	1057.42
1707.6	1055.24
1708.01	1065.5
1708.43	1052.07
1708.84	1049.94
1709.24	1048
1709.66	1056
1710.08	1050
1710.5	1061
1710.92	1042
1711.33	1047
1711.75	1052
1712.17	1054
1712.59	1063
1713.01	1042
1713.43	1046
1713.85	1060
1714.27	1062
1714.69	1057
1715.11	1055
1715.53	1063
1715.95	1054
1716.37	1060
1716.78	1056
1717.2	1065
1717.62	1054
1718.04	1050
1718.46	1061
1718.88	1044
1719.3	1056
1719.72	1051
1720.13	1055
1720.55	1052
1720.97	1058
1721.39	1050
1721.81	1061
1722.23	1054
1722.65	1054
1723.06	1060
1723.48	1056
1723.9	1053
1724.32	1060
1724.74	1054
1725.16	1055
1725.57	1052
1725.99	1055
1726.41	1052
1726.83	1056
1727.25	1051
1727.66	1055
1728.08	1062
1728.5	1062
1728.92	1058
1729.34	1042
1729.76	1058
1730.17	1065
1730.59	1057
1731.01	1056
1731.43	1052
1731.85	1056
1732.26	1064
1732.68	1052
1733.1	1052
1733.52	1058
1733.93	1054
1734.35	1058
1734.77	1055
1735.19	1052
1735.6	1048
1736.02	1056
1736.44	1056
1736.86	1057
1737.27	1062
1737.69	1057
1738.11	1047
1738.53	1055
1738.94	1059
1739.36	1061
1739.78	1057
1740.19	1058
1740.61	1057
1741.03	1055
1741.45	1050
1741.86	1047
1742.28	1059
1742.7	1040
1743.11	1048
1743.53	1061
1743.95	1050
1744.37	1054
1744.78	1044
1745.2	1064
1745.62	1055
1746.03	1057
1746.45	1054
1746.87	1048
1747.28	1054
1747.7	1052
1748.12	1060
1748.53	1055
1748.95	1056
1749.37	1054
1749.78	1054
1750.2	1060
1750.62	1060
1751.03	1056
1751.45	1056
1751.86	1056
1752.28	1046
1752.7	1052
1753.11	1054
1753.53	1059
1753.95	1048
1754.36	1050
1754.78	1059
1755.19	1054
1755.61	1065
1756.03	1050
1756.44	1060
1756.86	1056
1757.27	1050
1757.69	1052
1758.11	1054
1758.52	1058
1758.94	1053
1759.35	1061
1759.77	1044
1760.18	1058
1760.6	1056
1761.02	1052
1761.43	1050
1761.85	1059
1762.26	1048
1762.68	1052
1763.1	1056
1763.51	1050
1763.93	1065
1764.34	1048
1764.76	1053
1765.17	1061
1765.59	1047
1766	1056
1766.42	1053
1766.83	1056
1767.25	1056
1767.66	1050
1768.08	1057
1768.49	1059
1768.91	1059
1769.32	1056
1769.74	1061
1770.16	1064
1770.57	1058
1770.98	1054
1771.4	1056
1771.82	1054
1772.23	1050
1772.64	1058
1773.06	1059
1773.47	1060
1773.89	1058
1774.3	1050
1774.72	1057
1775.13	1051
1775.55	1062
1775.96	1050
1776.38	1052
1776.79	1059
1777.21	1062
1777.62	1057
1778.03	1060
1778.45	1053
1778.86	1055
1779.28	1049
1779.69	1059
1780.11	1059
1780.52	1062
1780.94	1064
1781.35	1055
1781.76	1062
1782.18	1058
1782.59	1059
1783.01	1048
1783.42	1060
1783.83	1046
1784.25	1058
1784.66	1052
1785.08	1062
1785.49	1056
1785.9	1051
1786.32	1063
1786.73	1060
1787.14	1052
1787.56	1054
1787.97	1044
1788.39	1060
1788.8	1054
1789.21	1051
1789.63	1061
1790.04	1053
1790.45	1047
1790.87	1057
1791.28	1050
1791.69	1051
1792.11	1056
1792.52	1056
1792.93	1053
1793.35	1056
1793.76	1056
1794.17	1048
1794.59	1062
1795	1058
1795.41	1056
1795.83	1038
1796.24	1055
1796.65	1068
1797.07	1055
1797.48	1048
1797.89	1056
1798.31	1056
1798.72	1052
1799.13	1059
1799.54	1055
1799.96	1053
1800.37	1052
1800.78	1056
1801.19	1050
1801.61	1052
1802.02	1042
1802.43	1058
1802.84	1058
1803.26	1051
1803.67	1059
1804.08	1048
1804.5	1050
1804.91	1057
1805.32	1055
1805.73	1062
1806.15	1055
1806.56	1058
1806.97	1061
1807.38	1054
1807.8	1056
1808.21	1049
1808.62	1049
1809.03	1052
1809.44	1062
1809.86	1056
1810.27	1051
1810.68	1056
1811.09	1056
1811.5	1057
1811.92	1059
1812.33	1055
1812.74	1054
1813.15	1053
1813.56	1056
1813.98	1066
1814.39	1056
1814.8	1060
1815.21	1056
1815.62	1055
1816.03	1042
1816.45	1043
1816.86	1064
1817.27	1059
1817.68	1047
1818.09	1042
1818.5	1062
1818.91	1053
1819.33	1048
1819.74	1054
1820.15	1058
1820.56	1056
1820.97	1050
1821.38	1058
1821.79	1050
1822.21	1062
1822.62	1056
1823.03	1056
1823.44	1053
1823.85	1060
1824.26	1063
1824.67	1058
1825.08	1061
1825.49	1050
1825.9	1058
1826.32	1057
1826.73	1058
1827.14	1060
1827.55	1062
1827.96	1053
1828.37	1047
1828.78	1061
1829.19	1052
1829.6	1057
1830.01	1056
1830.42	1061
1830.83	1062
1831.24	1052
1831.65	1062
1832.06	1048
1832.48	1049
1832.89	1047
1833.3	1060
1833.71	1068
1834.12	1050
1834.53	1050
1834.94	1057
1835.35	1054
1835.76	1058
1836.17	1058
1836.58	1056
1836.99	1064
1837.4	1066
1837.81	1055
1838.22	1053
1838.63	1046
1839.04	1056
1839.45	1054
1839.86	1070
1840.27	1040
1840.68	1058
1841.09	1058
1841.5	1060
1841.91	1047
1842.32	1060
1842.73	1050
1843.14	1062
1843.55	1056
1843.96	1051
1844.36	1060
1844.77	1046
1845.18	1056
1845.59	1058
1846	1060
1846.41	1058
1846.82	1064
1847.23	1058
1847.64	1050
1848.05	1059
1848.46	1046
1848.87	1066
1849.28	1044
1849.69	1063
1850.1	1051
1850.5	1049
1850.91	1054
1851.32	1058
1851.73	1055
1852.14	1046
1852.55	1068
1852.96	1063
1853.37	1046
1853.78	1051
1854.19	1055
1854.59	1063
1855	1052
1855.41	1052
1855.82	1052
1856.23	1058
1856.64	1048
1857.05	1061
1857.46	1050
1857.86	1054
1858.27	1054
1858.68	1048
1859.09	1071
1859.5	1052
1859.91	1046
1860.32	1044
1860.72	1063
1861.13	1052
1861.54	1058
1861.95	1051
1862.36	1053
1862.77	1054
1863.17	1046
1863.58	1059
1863.99	1056
1864.4	1063
1864.81	1058
1865.21	1052
1865.62	1058
1866.03	1059
1866.44	1052
1866.85	1056
1867.25	1053
1867.66	1056
1868.07	1070
1868.48	1054
1868.88	1059
1869.29	1061
1869.7	1060
1870.11	1055
1870.52	1058
1870.92	1053
1871.33	1048
1871.74	1062
1872.15	1042
1872.55	1059
1872.96	1056
1873.37	1057
1873.78	1056
1874.18	1058
1874.59	1054
1875	1057
1875.41	1057
1875.81	1050
1876.22	1056
1876.63	1054
1877.03	1045
1877.44	1056
1877.85	1046
1878.26	1063
1878.66	1057
1879.07	1056
1879.48	1051
1879.88	1055
1880.29	1056
1880.7	1058
1881.1	1061
1881.51	1050
1881.92	1058
1882.32	1049
1882.73	1064
1883.14	1061
1883.54	1055
1883.95	1058
1884.36	1050
1884.77	1053
1885.17	1059
1885.58	1045
1885.98	1054
1886.39	1066
1886.8	1058
1887.2	1057
1887.61	1054
1888.02	1064
1888.42	1048
1888.83	1057
1889.24	1046
1889.64	1058
1890.05	1058
1890.45	1059
1890.86	1052
1891.27	1047
1891.67	1053
1892.08	1060
1892.48	1056
1892.89	1062
1893.3	1054
1893.7	1061
1894.11	1049
1894.51	1048
1894.92	1062
1895.33	1053
1895.73	1057
1896.14	1049
1896.54	1046
1896.95	1058
1897.35	1054
1897.76	1044
1898.17	1058
1898.57	1052
1898.98	1054
1899.38	1054
1899.79	1054
1900.19	1056
1900.6	1056
1901	1048
1901.41	1054
1901.81	1064
1902.22	1065
1902.63	1048
1903.03	1052
1903.44	1039
1903.84	1062
1904.25	1064
1904.65	1050
1905.06	1043
1905.46	1053
1905.87	1064
1906.27	1052
1906.68	1048
1907.08	1042
1907.49	1064
1907.89	1056
1908.3	1059
1908.7	1052
1909.11	1058
1909.51	1049
1909.92	1059
1910.32	1055
1910.72	1052
1911.13	1061
1911.53	1056
1911.94	1068
1912.34	1058
1912.75	1054
1913.15	1048
1913.56	1049
1913.96	1052
1914.37	1055
1914.77	1058
1915.17	1048
1915.58	1058
1915.98	1047
1916.39	1054
1916.79	1062
1917.2	1061
1917.6	1058
1918	1050
1918.41	1058
1918.81	1048
1919.22	1052
1919.62	1052
1920.02	1063
1920.43	1056
1920.83	1046
1921.24	1055
1921.64	1052
1922.04	1052
1922.45	1038
1922.85	1058
1923.26	1053
1923.66	1062
1924.06	1053
1924.47	1050
1924.87	1057
1925.27	1055
1925.68	1050
1926.08	1051
1926.48	1059
1926.89	1044
1927.29	1060
1927.69	1055
1928.1	1044
1928.5	1056
1928.91	1066
1929.31	1054
1929.71	1060
1930.11	1054
1930.52	1052
1930.92	1052
1931.32	1052
1931.73	1050
1932.13	1048
1932.53	1064
1932.94	1052
1933.34	1055
1933.74	1053
1934.15	1042
1934.55	1055
1934.95	1050
1935.35	1062
1935.76	1044
1936.16	1060
1936.56	1056
1936.97	1056
1937.37	1057
1937.77	1060
1938.17	1057
1938.58	1046
1938.98	1064
1939.38	1054
1939.78	1055
1940.19	1051
1940.59	1055
1940.99	1063
1941.39	1054
1941.8	1056
1942.2	1057
1942.6	1051
1943	1045
1943.41	1063
1943.81	1052
1944.21	1052
1944.61	1059
1945.01	1052
1945.42	1059
1945.82	1042
1946.22	1060
1946.62	1058
1947.02	1056
1947.43	1051
1947.83	1056
1948.23	1046
1948.63	1053
1949.03	1054
1949.44	1050
1949.84	1066
1950.24	1046
1950.64	1054
1951.04	1049
1951.44	1062
1951.85	1050
1952.25	1056
1952.65	1051
1953.05	1051
1953.45	1060
1953.85	1058
1954.26	1059
1954.66	1042
1955.06	1063
1955.46	1044
1955.86	1051
1956.26	1057
1956.66	1054
1957.07	1053
1957.47	1046
1957.87	1050
1958.27	1048
1958.67	1052
1959.07	1050
1959.47	1053
1959.87	1053
1960.27	1057
1960.68	1052
1961.08	1050
1961.48	1055
1961.88	1050
1962.28	1057
1962.68	1053
1963.08	1056
1963.48	1052
1963.88	1057
1964.28	1054
1964.68	1042
1965.09	1056
1965.49	1054
1965.89	1053
1966.29	1050
1966.69	1062
1967.09	1060
1967.49	1050
1967.89	1058
1968.29	1044
1968.69	1054
1969.09	1055
1969.49	1050
1969.89	1059
1970.29	1058
1970.69	1042
1971.09	1052
1971.49	1057
1971.89	1051
1972.29	1060
1972.69	1050
1973.09	1046
1973.49	1052
1973.89	1054
1974.29	1051
1974.69	1051
1975.09	1057
1975.49	1057
1975.89	1050
1976.29	1044
1976.69	1054
1977.09	1053
1977.49	1054
1977.89	1046
1978.29	1054
1978.69	1052
1979.09	1052
1979.49	1051
1979.89	1059
1980.29	1049
1980.69	1055
1981.09	1052
1981.49	1063
1981.89	1056
1982.29	1053
1982.69	1054
1983.08	1056
1983.48	1047
1983.88	1057
1984.28	1050
1984.68	1046
1985.08	1060
1985.48	1055
1985.88	1051
1986.28	1053
1986.68	1050
1987.08	1050
1987.47	1058
1987.87	1044
1988.27	1055
1988.67	1066
1989.07	1053
1989.47	1048
1989.87	1055
1990.27	1058
1990.67	1052
1991.06	1053
1991.46	1057
1991.86	1059
1992.26	1052
1992.66	1061
1993.06	1049
1993.46	1056
1993.86	1061
1994.25	1058
1994.65	1044
1995.05	1044
1995.45	1046
1995.85	1050
1996.25	1050
1996.64	1054
1997.04	1052
1997.44	1065
1997.84	1055
1998.24	1046
1998.64	1050
1999.03	1050
1999.43	1056
1999.83	1059
