400.412	1092
400.915	1094
401.417	1086
401.92	1080
402.421	1080
402.925	1088
403.426	1078
403.93	1082
404.431	1080
404.934	1072
405.435	1069
405.939	1067
406.44	1070
406.941	1078
407.444	1074
407.945	1062
408.448	1070
408.949	1050
409.453	1072
409.954	1068
410.454	1062
410.957	1060
411.458	1066
411.959	1055
412.462	1060
412.963	1062
413.466	1072
413.967	1050
414.467	1066
414.97	1067
415.471	1059
415.971	1057
416.474	1066
416.975	1053
417.475	1066
417.978	1052
418.478	1051
418.979	1060
419.481	1064
419.982	1056
420.482	1057
420.983	1061
421.485	1060
421.985	1052
422.486	1063
422.988	1061
423.488	1067
423.988	1062
424.489	1068
424.991	1054
425.491	1059
425.991	1064
426.491	1062
426.991	1060
427.493	1056
427.993	1070
428.493	1072
428.993	1076
429.495	1066
429.995	1072
430.495	1062
430.995	1082
431.495	1082
431.994	1080
432.496	1090
432.996	1075
433.496	1091
433.995	1078
434.495	1088
434.995	1082
435.494	1085
435.996	1070
436.495	1074
436.995	1070
437.494	1068
437.994	1075
438.493	1066
438.993	1069
439.492	1065
439.991	1060
440.493	1061
440.992	1064
441.491	1058
441.99	1069
442.49	1073
442.989	1060
443.488	1067
443.987	1068
444.486	1065
444.985	1060
445.484	1064
445.983	1074
446.482	1068
446.981	1064
447.48	1079
447.979	1072
448.478	1072
448.977	1087
449.476	1084
449.974	1090
450.473	1078
450.972	1086
451.471	1100
451.969	1103
452.468	1092
452.967	1096
453.465	1112
453.964	1104
454.462	1108
454.961	1134
455.457	1126
455.956	1120
456.454	1124
456.953	1124
457.451	1116
457.95	1131
458.448	1137
458.946	1119
459.445	1111
459.943	1112
460.439	1111
460.937	1094
461.435	1092
461.933	1096
462.432	1086
462.93	1080
463.428	1090
463.924	1076
464.422	1082
464.92	1089
465.418	1072
465.916	1081
466.412	1081
466.909	1072
467.407	1066
467.905	1078
468.403	1067
468.899	1059
469.396	1063
469.894	1070
470.392	1077
470.887	1062
471.385	1060
471.883	1062
472.38	1100
472.876	1166
473.373	1331
473.871	1484
474.368	1653
474.864	1742
475.361	1762
475.858	1711
476.354	1588
476.851	1391
477.348	1229
477.844	1088
478.341	1061
478.838	1066
479.333	1061
479.831	1066
480.328	1058
480.823	1065
481.32	1062
481.817	1060
482.312	1061
482.809	1060
483.306	1057
483.801	1056
484.298	1056
484.793	1064
485.289	1056
485.786	1047
486.281	1058
486.778	1050
487.273	1058
487.769	1058
488.266	1052
488.761	1066
489.257	1059
489.752	1053
490.249	1062
490.743	1062
491.24	1059
491.734	1071
492.231	1048
492.725	1058
493.222	1052
493.716	1050
494.212	1068
494.707	1050
495.203	1056
495.697	1054
496.194	1054
496.688	1063
497.184	1055
497.678	1064
498.174	1056
498.669	1061
499.165	1064
499.659	1050
500.155	1055
500.649	1061
501.143	1054
501.639	1050
502.133	1046
502.629	1053
503.123	1052
503.618	1049
504.112	1050
504.606	1061
505.102	1061
505.596	1063
506.089	1061
506.585	1054
507.079	1053
507.574	1048
508.068	1058
508.562	1061
509.057	1054
509.551	1060
510.044	1049
510.54	1058
511.033	1053
511.527	1056
512.022	1048
512.515	1050
513.009	1059
513.502	1062
513.997	1049
514.491	1062
514.984	1056
515.479	1061
515.972	1058
516.465	1062
516.959	1071
517.454	1057
517.947	1065
518.44	1066
518.933	1070
519.428	1064
519.921	1068
520.414	1066
520.907	1056
521.4	1057
521.894	1054
522.387	1062
522.88	1060
523.373	1068
523.866	1068
524.36	1065
524.853	1061
525.346	1074
525.838	1074
526.331	1082
526.824	1069
527.318	1060
527.811	1064
528.303	1086
528.796	1076
529.288	1080
529.781	1095
530.273	1085
530.765	1098
531.258	1103
531.752	1121
532.245	1126
532.737	1134
533.229	1119
533.721	1135
534.213	1151
534.706	1157
535.198	1144
535.69	1164
536.182	1169
536.674	1145
537.166	1153
537.658	1140
538.15	1135
538.642	1108
539.134	1119
539.626	1106
540.118	1100
540.61	1104
541.101	1086
541.593	1089
542.085	1090
542.577	1078
543.068	1070
543.56	1080
544.052	1082
544.543	1070
545.035	1070
545.527	1066
546.018	1078
546.51	1056
547.001	1070
547.493	1074
547.984	1067
548.474	1064
548.965	1061
549.456	1070
549.948	1068
550.439	1064
550.93	1068
551.422	1065
551.913	1069
552.404	1070
552.893	1060
553.384	1069
553.875	1058
554.367	1052
554.858	1054
555.349	1054
555.838	1060
556.329	1056
556.82	1062
557.311	1058
557.802	1057
558.292	1044
558.781	1063
559.272	1046
559.763	1054
560.254	1059
560.742	1056
561.233	1054
561.724	1060
562.215	1057
562.703	1064
563.194	1059
563.685	1051
564.175	1056
564.664	1062
565.154	1059
565.645	1050
566.135	1064
566.624	1052
567.114	1065
567.604	1054
568.093	1059
568.583	1056
569.073	1057
569.562	1053
570.052	1051
570.542	1052
571.03	1057
571.521	1052
572.011	1058
572.499	1058
572.989	1042
573.479	1049
573.967	1058
574.457	1056
574.945	1064
575.435	1057
575.925	1056
576.413	1055
576.903	1048
577.391	1064
577.88	1060
578.37	1055
578.858	1059
579.348	1059
579.835	1056
580.325	1054
580.813	1050
581.302	1054
581.79	1064
582.28	1058
582.767	1055
583.257	1058
583.746	1052
584.234	1057
584.723	1064
585.211	1055
585.7	1057
586.188	1060
586.675	1066
587.164	1059
587.651	1062
588.141	1055
588.628	1054
589.117	1048
589.604	1060
590.094	1053
590.581	1052
591.07	1056
591.557	1067
592.044	1056
592.533	1054
593.02	1050
593.509	1052
593.996	1055
594.483	1054
594.972	1061
595.459	1055
595.948	1059
596.435	1059
596.921	1056
597.41	1054
597.897	1055
598.384	1055
598.872	1056
599.359	1054
599.846	1055
600.334	1060
600.821	1060
601.307	1040
601.796	1052
602.282	1053
602.769	1054
603.257	1040
603.744	1047
604.23	1052
604.717	1061
605.205	1058
605.691	1056
606.178	1055
606.664	1052
607.152	1063
607.638	1059
608.125	1049
608.611	1044
609.099	1054
609.585	1056
610.071	1060
610.557	1053
611.043	1067
611.531	1056
612.017	1055
612.503	1058
612.989	1060
613.475	1048
613.963	1050
614.449	1063
614.935	1057
615.421	1059
615.906	1064
616.392	1048
616.878	1058
617.366	1054
617.851	1050
618.337	1062
618.823	1052
619.308	1067
619.794	1052
620.279	1055
620.765	1062
621.25	1054
621.736	1062
622.223	1055
622.709	1050
623.194	1055
623.679	1050
624.165	1044
624.65	1059
625.135	1054
625.621	1056
626.106	1054
626.591	1057
627.076	1052
627.561	1050
628.047	1047
628.532	1046
629.017	1064
629.502	1048
629.987	1064
630.472	1057
630.957	1057
631.442	1058
631.927	1055
632.412	1055
632.896	1052
633.381	1060
633.866	1062
634.351	1058
634.836	1056
635.318	1048
635.803	1059
636.288	1050
636.773	1055
637.257	1054
637.742	1065
638.226	1046
638.711	1060
639.196	1051
639.68	1058
640.163	1052
640.647	1056
641.131	1054
641.616	1054
642.1	1058
642.585	1054
643.067	1058
643.551	1056
644.035	1050
644.52	1066
645.004	1050
645.488	1059
645.97	1056
646.455	1064
646.939	1058
647.423	1053
647.907	1056
648.389	1044
648.873	1054
649.357	1047
649.841	1048
650.323	1052
650.807	1047
651.291	1058
651.774	1068
652.256	1058
652.74	1056
653.224	1055
653.706	1062
654.189	1059
654.673	1052
655.157	1061
655.638	1058
656.122	1058
656.606	1056
657.087	1063
657.571	1054
658.054	1054
658.536	1048
659.019	1054
659.501	1045
659.984	1058
660.468	1049
660.949	1057
661.432	1059
661.916	1058
662.397	1055
662.88	1053
663.362	1064
663.845	1058
664.328	1063
664.809	1065
665.292	1062
665.773	1060
666.256	1056
666.738	1053
667.221	1062
667.704	1050
668.185	1052
668.668	1058
669.148	1052
669.631	1060
670.112	1058
670.595	1062
671.076	1056
671.559	1056
672.04	1061
672.522	1058
673.003	1052
673.486	1050
673.966	1057
674.449	1056
674.93	1058
675.412	1061
675.893	1073
676.374	1054
676.856	1064
677.337	1063
677.819	1062
678.299	1060
678.782	1066
679.262	1073
679.743	1074
680.225	1097
680.705	1090
681.188	1092
681.668	1080
682.148	1098
682.63	1105
683.111	1122
683.591	1124
684.073	1120
684.553	1112
685.033	1100
685.515	1100
685.995	1084
686.475	1095
686.957	1070
687.437	1081
687.917	1072
688.399	1067
688.879	1062
689.359	1065
689.841	1070
690.32	1060
690.8	1063
691.28	1065
691.762	1063
692.242	1056
692.721	1062
693.201	1064
693.682	1064
694.162	1050
694.642	1060
695.121	1062
695.603	1058
696.082	1052
696.562	1060
697.041	1056
697.521	1063
698.002	1052
698.481	1054
698.961	1058
699.44	1049
699.919	1058
700.399	1057
700.88	1058
701.359	1054
701.838	1056
702.318	1046
702.797	1051
703.276	1066
703.755	1060
704.236	1054
704.715	1047
705.194	1052
705.673	1054
706.152	1058
706.631	1057
707.11	1052
707.589	1052
708.068	1054
708.547	1060
709.025	1048
709.504	1056
709.983	1058
710.462	1070
710.942	1048
711.421	1062
711.9	1054
712.378	1065
712.857	1060
713.336	1049
713.814	1050
714.293	1060
714.771	1061
715.25	1052
715.728	1056
716.207	1061
716.685	1059
717.161	1054
717.64	1056
718.118	1054
718.597	1055
719.075	1063
719.553	1054
720.031	1058
720.51	1060
720.988	1055
721.466	1044
721.944	1053
722.422	1061
722.9	1056
723.376	1053
723.854	1063
724.332	1057
724.81	1046
725.288	1059
725.766	1060
726.244	1058
726.72	1073
727.198	1064
727.676	1055
728.154	1048
728.631	1063
729.109	1051
729.585	1060
730.063	1062
730.54	1053
731.018	1055
731.496	1065
731.971	1057
732.449	1062
732.926	1052
733.404	1048
733.879	1066
734.357	1051
734.834	1058
735.312	1060
735.787	1063
736.265	1057
736.742	1062
737.219	1048
737.695	1056
738.172	1050
738.649	1057
739.124	1058
739.602	1052
740.079	1057
740.556	1059
741.031	1044
741.508	1054
741.985	1067
742.46	1056
742.937	1053
743.412	1057
743.889	1042
744.366	1063
744.841	1052
745.318	1066
745.795	1058
746.27	1057
746.747	1059
747.221	1060
747.698	1056
748.175	1056
748.65	1060
749.126	1056
749.601	1063
750.078	1055
750.552	1058
751.029	1046
751.506	1062
751.98	1067
752.457	1056
752.931	1049
753.408	1054
753.882	1057
754.359	1060
754.833	1057
755.309	1050
755.784	1066
756.26	1058
756.734	1056
757.211	1058
757.685	1056
758.161	1055
758.635	1056
759.109	1059
759.586	1058
760.06	1070
760.536	1061
761.01	1063
761.486	1055
761.96	1059
762.434	1068
762.91	1052
763.384	1063
763.86	1067
764.334	1058
764.808	1064
765.284	1064
765.757	1060
766.233	1066
766.707	1062
767.181	1063
767.656	1051
768.13	1058
768.604	1059
769.08	1062
769.553	1056
770.027	1062
770.502	1059
770.976	1062
771.45	1050
771.925	1056
772.398	1066
772.872	1062
773.345	1056
773.821	1055
774.294	1056
774.768	1066
775.241	1056
775.716	1060
776.19	1064
776.663	1068
777.136	1068
777.611	1072
778.084	1066
778.558	1070
779.031	1076
779.504	1067
779.979	1087
780.452	1078
780.925	1091
781.398	1080
781.871	1096
782.346	1086
782.819	1085
783.292	1094
783.765	1093
784.238	1085
784.71	1069
785.183	1082
785.658	1064
786.131	1064
786.604	1062
787.076	1068
787.549	1068
788.022	1066
788.494	1054
788.967	1059
789.439	1066
789.912	1060
790.387	1069
790.859	1059
791.332	1062
791.804	1061
792.276	1059
792.749	1063
793.221	1062
793.694	1063
794.166	1054
794.638	1055
795.111	1050
795.583	1062
796.055	1061
796.527	1064
797	1052
797.472	1053
797.944	1063
798.416	1048
798.888	1068
799.36	1063
799.832	1059
800.304	1069
800.776	1050
801.248	1058
801.718	1062
802.19	1064
802.662	1050
803.134	1059
803.606	1054
804.078	1058
804.549	1062
805.021	1062
805.493	1050
805.965	1061
806.434	1060
806.906	1052
807.378	1063
807.849	1050
808.321	1060
808.793	1055
809.264	1061
809.734	1061
810.205	1065
810.677	1064
811.148	1067
811.62	1056
812.089	1056
812.56	1065
813.032	1056
813.503	1066
813.974	1066
814.444	1054
814.915	1059
815.386	1064
815.857	1064
816.327	1058
816.798	1060
817.269	1046
817.74	1060
818.209	1063
818.68	1066
819.151	1055
819.62	1058
820.091	1067
820.562	1054
821.031	1054
821.502	1059
821.973	1064
822.442	1058
822.913	1068
823.384	1056
823.852	1046
824.323	1063
824.794	1064
825.263	1058
825.733	1062
826.204	1061
826.673	1058
827.143	1058
827.612	1072
828.082	1062
828.553	1054
829.022	1066
829.492	1075
829.961	1066
830.431	1078
830.901	1066
831.37	1073
831.84	1077
832.309	1076
832.779	1087
833.247	1089
833.718	1092
834.186	1098
834.656	1128
835.124	1122
835.594	1158
836.063	1164
836.533	1180
837.001	1205
837.471	1184
837.939	1184
838.409	1150
838.877	1163
839.347	1146
839.815	1129
840.285	1098
840.753	1100
841.221	1113
841.691	1107
842.159	1124
842.628	1109
843.096	1116
843.566	1125
844.034	1150
844.501	1142
844.971	1157
845.439	1154
845.907	1154
846.376	1173.92
846.844	1153.9
847.313	1162.19
847.781	1141.14
848.248	1125.56
848.718	1140.58
849.185	1116.97
849.653	1095.81
850.122	1091.57
850.59	1079.64
851.057	1086.02
851.525	1070.47
851.994	1078.95
852.461	1074.47
852.928	1066
853.398	1071.72
853.865	1065
854.332	1068.15
854.799	1072.27
855.269	1068.52
855.736	1062.57
856.203	1067.17
856.67	1060.8
857.139	1068.67
857.606	1069.28
858.073	1065.42
858.54	1059.54
859.009	1062.43
859.476	1059.35
859.943	1057.64
860.41	1060.62
860.877	1056.47
861.344	1059.2
861.812	1058.78
862.279	1057.18
862.746	1058
863.213	1064.58
863.68	1059.99
864.146	1059.57
864.615	1056.44
865.082	1052.59
865.548	1060.92
866.015	1057.39
866.481	1059.65
866.948	1056.92
867.415	1060.47
867.881	1051.41
868.348	1063.24
868.814	1056.14
869.283	1056.01
869.749	1059.99
870.215	1052.55
870.682	1057.26
871.148	1054.67
871.614	1060.85
872.081	1052.99
872.547	1055.38
873.013	1053.12
873.479	1057.2
873.946	1056.5
874.412	1057.28
874.878	1054.55
875.344	1063.1
875.81	1055.29
876.276	1053.06
876.742	1057
877.208	1054.37
877.674	1057.3
878.141	1061.93
878.606	1056.1
879.072	1056.74
879.538	1061.53
880.004	1058.19
880.47	1057.49
880.936	1051.24
881.4	1054.49
881.866	1054.64
882.331	1058.44
882.797	1060.26
883.263	1058.39
883.729	1053.68
884.194	1055.91
884.66	1052.78
885.125	1054.8
885.589	1056.15
886.055	1054.45
886.52	1059.37
886.986	1055.8
887.451	1054.57
887.917	1061.5
888.382	1054.58
888.846	1050.28
889.311	1054.7
889.777	1053.51
890.242	1057.54
890.707	1055.84
891.171	1055.49
891.636	1057.06
892.101	1057.02
892.566	1056.8
893.032	1058.14
893.307	1064
893.778	1045
894.247	1058
894.718	1061
895.187	1052
895.658	1064
896.127	1052
896.598	1053
897.067	1064
897.538	1056
898.009	1060
898.478	1054
898.948	1052
899.417	1059
899.888	1068
900.357	1056
900.827	1059
901.296	1059
901.767	1058
902.235	1062
902.704	1062
903.174	1059
903.643	1060
904.113	1068
904.582	1056
905.052	1062
905.521	1066
905.991	1052
906.46	1066
906.928	1058
907.398	1066
907.867	1064
908.337	1066
908.805	1058
909.276	1064
909.744	1068
910.212	1062
910.682	1063
911.15	1069
911.618	1072
912.089	1059
912.557	1056
913.025	1050
913.495	1058
913.963	1060
914.431	1060
914.901	1065
915.369	1064
915.837	1067
916.306	1064
916.774	1072
917.242	1077
917.712	1074
918.18	1082
918.648	1079
919.117	1088
919.585	1079
920.053	1090
920.52	1101
920.99	1086
921.458	1104
921.925	1106
922.393	1130
922.862	1125
923.33	1140
923.797	1152
924.265	1156
924.732	1170
925.202	1207
925.669	1213
926.137	1215
926.604	1205
927.071	1211
927.541	1194
928.008	1174
928.475	1157
928.942	1146
929.41	1144
929.877	1119
930.346	1108
930.813	1108
931.28	1100
931.747	1086
932.214	1092
932.681	1086
933.148	1086
933.615	1078
934.084	1081
934.551	1070
935.018	1062
935.485	1074
935.952	1082
936.419	1072
936.886	1058
937.352	1074
937.819	1064
938.286	1059
938.753	1060
939.219	1066
939.686	1065
940.153	1067
940.619	1068
941.086	1070
941.553	1058
942.019	1070
942.486	1069
942.952	1074
943.419	1066
943.885	1086
944.352	1078
944.818	1082
945.284	1078
945.751	1093
946.217	1100
946.683	1101
947.15	1098
947.616	1104
948.082	1100
948.549	1088
949.015	1103
949.481	1083
949.947	1089
950.413	1085
950.879	1078
951.345	1087
951.809	1057
952.275	1065
952.741	1062
953.207	1069
953.673	1061
954.139	1067
954.605	1066
955.071	1059
955.535	1071
956.001	1064
956.467	1062
956.932	1056
957.398	1059
957.864	1063
958.328	1058
958.793	1069
959.259	1071
959.725	1052
960.19	1069
960.654	1082
961.12	1077
961.585	1074
962.051	1078
962.516	1078
962.98	1097
963.445	1096
963.91	1098
964.376	1100
964.839	1093
965.305	1086
965.77	1076
966.233	1076
966.699	1062
967.164	1066
967.629	1067
968.092	1066
968.557	1056
969.023	1073
969.486	1061
969.951	1060
970.416	1062
970.879	1059
971.344	1056
971.809	1062
972.272	1066
972.737	1054
973.202	1058
973.665	1052
974.13	1057
974.595	1060
975.058	1056
975.522	1058
975.985	1057
976.45	1058
976.915	1061
977.378	1062
977.842	1062
978.305	1068
978.77	1056
979.232	1062
979.697	1065
980.161	1055
980.624	1065
981.089	1055
981.551	1057
982.016	1056
982.478	1056
982.943	1056
983.405	1060
983.869	1062
984.332	1062
984.796	1062
985.259	1050
985.723	1056
986.185	1062
986.649	1053
987.112	1046
987.576	1064
988.038	1063
988.502	1056
988.964	1056
989.428	1070
989.891	1060
990.353	1056
990.817	1044
991.279	1060
991.743	1056
992.205	1064
992.669	1050
993.131	1063
993.593	1057
994.056	1066
994.518	1066
994.98	1066
995.444	1056
995.906	1065
996.369	1054
996.831	1062
997.293	1062
997.757	1073
998.218	1067
998.68	1079
999.144	1084
999.605	1073
1000.07	1076
1000.53	1072
1000.99	1086
1001.45	1078
1001.91	1071
1002.38	1077
1002.84	1074
1003.3	1080
1003.76	1070
1004.23	1076
1004.69	1071
1005.15	1071
1005.61	1071
1006.07	1069
1006.53	1074
1007	1061
1007.46	1064
1007.92	1065
1008.38	1051
1008.84	1057
1009.3	1056
1009.77	1056
1010.23	1058
1010.69	1068
1011.15	1060
1011.61	1065
1012.07	1056
1012.53	1062
1013	1060
1013.46	1062
1013.92	1064
1014.38	1064
1014.84	1053
1015.3	1050
1015.76	1060
1016.22	1064
1016.68	1067
1017.14	1044
1017.61	1056
1018.07	1062
1018.53	1058
1018.99	1059
1019.45	1058
1019.91	1061
1020.37	1057
1020.83	1068
1021.29	1065
1021.75	1051
1022.21	1058
1022.67	1055
1023.13	1062
1023.59	1055
1024.05	1054
1024.51	1054
1024.97	1060
1025.44	1051
1025.9	1058
1026.36	1055
1026.82	1046
1027.28	1052
1027.74	1063
1028.2	1063
1028.66	1054
1029.12	1066
1029.58	1054
1030.04	1060
1030.5	1063
1030.96	1060
1031.42	1063
1031.88	1063
1032.34	1062
1032.79	1058
1033.25	1067
1033.71	1052
1034.17	1068
1034.63	1062
1035.09	1079
1035.55	1062
1036.01	1073
1036.47	1076
1036.93	1080
1037.39	1068
1037.85	1076
1038.31	1079
1038.77	1072
1039.23	1079
1039.69	1064
1040.15	1074
1040.61	1076
1041.06	1078
1041.52	1085
1041.98	1052
1042.44	1070
1042.9	1069
1043.36	1069
1043.82	1056
1044.28	1064
1044.74	1068
1045.2	1060
1045.65	1062
1046.11	1062
1046.57	1058
1047.03	1055
1047.49	1064
1047.95	1060
1048.41	1067
1048.86	1073
1049.32	1055
1049.78	1076
1050.24	1054
1050.7	1058
1051.16	1064
1051.61	1058
1052.07	1070
1052.53	1073
1052.99	1052
1053.45	1064
1053.91	1063
1054.36	1054
1054.82	1050
1055.28	1048
1055.74	1044
1056.2	1068
1056.65	1057
1057.11	1060
1057.57	1062
1058.03	1052
1058.49	1058
1058.94	1064
1059.4	1052
1059.86	1058
1060.32	1052
1060.77	1072
1061.23	1060
1061.69	1048
1062.15	1048
1062.6	1060
1063.06	1056
1063.52	1052
1063.98	1060
1064.43	1060
1064.89	1067
1065.35	1063
1065.81	1062
1066.26	1061
1066.72	1053
1067.18	1060
1067.64	1055
1068.09	1058
1068.55	1056
1069.01	1067
1069.46	1062
1069.92	1061
1070.38	1057
1070.83	1065
1071.29	1054
1071.75	1054
1072.2	1065
1072.66	1056
1073.12	1070
1073.57	1054
1074.03	1063
1074.49	1062
1074.94	1055
1075.4	1060
1075.86	1058
1076.31	1060
1076.77	1051
1077.23	1062
1077.68	1060
1078.14	1066
1078.6	1063
1079.05	1062
1079.51	1062
1079.96	1048
1080.42	1062
1080.88	1061
1081.33	1070
1081.79	1060
1082.24	1058
1082.7	1068
1083.16	1066
1083.61	1070
1084.07	1056
1084.52	1077
1084.98	1055
1085.44	1073
1085.89	1073
1086.35	1060
1086.8	1075
1087.26	1064
1087.71	1074
1088.17	1080
1088.63	1082
1089.08	1076
1089.54	1071
1089.99	1080
1090.45	1078
1090.9	1079
1091.36	1071
1091.81	1073
1092.27	1072
1092.72	1074
1093.18	1054
1093.63	1064
1094.09	1068
1094.54	1064
1095	1059
1095.45	1072
1095.91	1064
1096.36	1059
1096.82	1069
1097.27	1064
1097.73	1060
1098.18	1053
1098.64	1068
1099.09	1060
1099.55	1054
1100	1057
1100.46	1062
1100.91	1060
1101.37	1060
1101.82	1060
1102.27	1060
1102.73	1050
1103.18	1056
1103.64	1059
1104.09	1068
1104.55	1056
1105	1061
1105.46	1049
1105.91	1050
1106.36	1044
1106.82	1071
1107.27	1062
1107.73	1046
1108.18	1061
1108.63	1052
1109.09	1062
1109.54	1054
1110	1052
1110.45	1060
1110.9	1060
1111.36	1061
1111.81	1061
1112.26	1077
1112.72	1065
1113.17	1068
1113.63	1064
1114.08	1069
1114.53	1056
1114.99	1056
1115.44	1070
1115.89	1056
1116.35	1057
1116.8	1060
1117.25	1067
1117.71	1054
1118.16	1076
1118.61	1053
1119.07	1058
1119.52	1067
1119.97	1062
1120.43	1061
1120.88	1057
1121.33	1056
1121.79	1074
1122.24	1064
1122.69	1068
1123.14	1073
1123.6	1068
1124.05	1072
1124.5	1079
1124.96	1066
1125.41	1072
1125.86	1066
1126.31	1077
1126.77	1088
1127.22	1088
1127.67	1085
1128.12	1098
1128.58	1080
1129.03	1096
1129.48	1100
1129.93	1104
1130.39	1108
1130.84	1092
1131.29	1107
1131.74	1106
1132.19	1104
1132.65	1103
1133.1	1095
1133.55	1092
1134	1094
1134.46	1094
1134.91	1077
1135.36	1074
1135.81	1072
1136.26	1079
1136.72	1080
1137.17	1070
1137.62	1071
1138.07	1074
1138.52	1073
1138.98	1075
1139.43	1075
1139.88	1069
1140.33	1076
1140.78	1071
1141.23	1070
1141.68	1080
1142.14	1062
1142.59	1086
1143.04	1078
1143.49	1088
1143.94	1080
1144.39	1080
1144.84	1095
1145.3	1085
1145.75	1090
1146.2	1091
1146.65	1079
1147.1	1084
1147.55	1079
1148	1084
1148.45	1074
1148.9	1073
1149.35	1070
1149.81	1060
1150.26	1074
1150.71	1070
1151.16	1065
1151.61	1068
1152.06	1060
1152.51	1066
1152.96	1070
1153.41	1086
1153.86	1067
1154.31	1066
1154.76	1068
1155.21	1058
1155.66	1081
1156.11	1058
1156.57	1066
1157.02	1052
1157.47	1062
1157.92	1076
1158.37	1059
1158.82	1066
1159.27	1046
1159.72	1062
1160.17	1055
1160.62	1056
1161.07	1062
1161.52	1066
1161.97	1070
1162.42	1050
1162.87	1068
1163.32	1059
1163.77	1068
1164.22	1061
1164.67	1071
1165.12	1062
1165.57	1070
1166.02	1065
1166.47	1052
1166.91	1055
1167.37	1066
1167.81	1075
1168.26	1061
1168.71	1068
1169.16	1080
1169.61	1069
1170.06	1070
1170.51	1075
1170.96	1064
1171.41	1067
1171.86	1071
1172.31	1083
1172.76	1081
1173.21	1078
1173.66	1068
1174.1	1074
1174.55	1080
1175	1080
1175.45	1092
1175.9	1085
1176.35	1078
1176.8	1085
1177.25	1095
1177.7	1073
1178.14	1085
1178.59	1082
1179.04	1102
1179.49	1092
1179.94	1092
1180.39	1099
1180.84	1101
1181.28	1102
1181.73	1112
1182.18	1113
1182.63	1128
1183.08	1116
1183.53	1124
1183.97	1129
1184.42	1102
1184.87	1096
1185.32	1098
1185.77	1096
1186.22	1092
1186.66	1086
1187.11	1084
1187.56	1068
1188.01	1076
1188.46	1082
1188.9	1078
1189.35	1067
1189.8	1062
1190.25	1064
1190.69	1067
1191.14	1062
1191.59	1074
1192.04	1066
1192.49	1065
1192.93	1068
1193.38	1061
1193.83	1064
1194.28	1056
1194.72	1070
1195.17	1063
1195.62	1050
1196.07	1060
1196.51	1066
1196.96	1058
1197.41	1059
1197.86	1062
1198.3	1067
1198.75	1060
1199.2	1053
1199.64	1068
1200.09	1058
1200.54	1058
1200.99	1056
1201.43	1059
1201.88	1061
1202.33	1055
1202.77	1071
1203.22	1062
1203.67	1046
1204.11	1055
1204.56	1055
1205.01	1071
1205.45	1059
1205.9	1057
1206.35	1062
1206.79	1052
1207.24	1055
1207.69	1071
1208.13	1075
1208.58	1054
1209.03	1058
1209.47	1062
1209.92	1060
1210.36	1051
1210.81	1056
1211.26	1060
1211.7	1059
1212.15	1060
1212.6	1058
1213.04	1054
1213.49	1056
1213.93	1061
1214.38	1059
1214.83	1060
1215.27	1060
1215.72	1060
1216.16	1067
1216.61	1062
1217.05	1062
1217.5	1062
1217.95	1064
1218.39	1056
1218.84	1063
1219.28	1061
1219.73	1058
1220.17	1052
1220.62	1055
1221.07	1065
1221.51	1054
1221.96	1063
1222.4	1064
1222.85	1064
1223.29	1050
1223.74	1070
1224.18	1063
1224.63	1061
1225.07	1058
1225.52	1067
1225.96	1066
1226.41	1056
1226.85	1062
1227.3	1069
1227.74	1059
1228.19	1058
1228.63	1071
1229.08	1064
1229.52	1064
1229.97	1061
1230.41	1082
1230.86	1071
1231.3	1054
1231.75	1081
1232.19	1076
1232.64	1068
1233.08	1066
1233.53	1082
1233.97	1072
1234.41	1070
1234.86	1089
1235.3	1074
1235.75	1084
1236.19	1074
1236.64	1082
1237.08	1078
1237.53	1072
1237.97	1081
1238.41	1078
1238.86	1075
1239.3	1064
1239.75	1076
1240.19	1074
1240.63	1074
1241.08	1048
1241.52	1068
1241.97	1072
1242.41	1061
1242.85	1062
1243.3	1060
1243.74	1064
1244.19	1056
1244.63	1060
1245.07	1056
1245.52	1060
1245.96	1053
1246.4	1054
1246.85	1071
1247.29	1050
1247.73	1060
1248.18	1044
1248.62	1051
1249.06	1057
1249.51	1056
1249.95	1066
1250.39	1058
1250.84	1053
1251.28	1073
1251.72	1058
1252.17	1058
1252.61	1055
1253.05	1060
1253.5	1048
1253.94	1053
1254.38	1066
1254.83	1061
1255.27	1058
1255.71	1067
1256.15	1067
1256.6	1065
1257.04	1054
1257.48	1066
1257.92	1058
1258.37	1052
1258.81	1063
1259.25	1054
1259.7	1054
1260.14	1048
1260.58	1068
1261.02	1066
1261.47	1052
1261.91	1050
1262.35	1067
1262.79	1064
1263.24	1060
1263.68	1055
1264.12	1052
1264.56	1063
1265	1053
1265.44	1077
1265.89	1048
1266.33	1038
1266.77	1055
1267.21	1062
1267.66	1064
1268.1	1048
1268.54	1053.98
1268.98	1057.96
1269.42	1062.03
1269.86	1057
1270.31	1061.73
1270.75	1056.54
1271.19	1060.19
1271.63	1066.97
1272.07	1048.58
1272.52	1060.8
1272.96	1052.92
1273.4	1056
1273.84	1063.5
1274.28	1060.52
1274.72	1057.79
1275.16	1059.45
1275.6	1064.57
1276.05	1057.62
1276.49	1054.27
1276.93	1054.15
1277.37	1060.35
1277.81	1062.75
1278.25	1053.39
1278.69	1055.22
1279.13	1051.7
1279.58	1052.03
1280.02	1056.03
1280.46	1062.92
1280.9	1057.12
1281.34	1061.56
1281.78	1054.96
1282.22	1061
1282.66	1057.27
1283.1	1062.16
1283.54	1055.78
1283.98	1051.45
1284.42	1056.1
1284.87	1058.16
1285.31	1057.07
1285.75	1054.5
1286.19	1064.12
1286.63	1060.32
1287.07	1059.32
1287.51	1056.53
1287.95	1057.04
1288.39	1060.06
1288.83	1065.77
1289.27	1062
1289.71	1065.35
1290.15	1056.25
1290.59	1057.53
1291.03	1063.13
1291.47	1058.76
1291.91	1058.05
1292.35	1070.11
1292.79	1066.88
1293.23	1063.87
1293.67	1062.18
1294.11	1064.67
1294.55	1064.9
1294.99	1061.75
1295.43	1068.24
1295.87	1073.82
1296.31	1071.38
1296.75	1065.13
1297.19	1065.49
1297.63	1071.99
1298.07	1075.78
1298.51	1063.19
1298.95	1064.26
1299.39	1059.61
1299.83	1064.82
1300.27	1066.55
1300.71	1062.45
1301.15	1063.08
1301.59	1061.09
1302.02	1061.04
1302.46	1058.75
1302.9	1060.24
1303.34	1053.51
1303.78	1050.46
1304.22	1054.92
1304.66	1061.87
1305.1	1059.2
1305.54	1063.25
1305.98	1061.91
1306.42	1064.75
1306.86	1063.3
1307.29	1071.82
1307.73	1068.92
1308.17	1066.94
1308.61	1067.13
1309.05	1062.93
1309.49	1065.59
1309.93	1062.14
1310.36	1073.87
1310.8	1076.47
1311.24	1077.57
1311.68	1077.04
1312.12	1083.37
1312.56	1097.62
1313	1080.27
1313.38	1095
1313.83	1086
1314.27	1078
1314.72	1078
1315.16	1086
1315.6	1075
1316.05	1080
1316.49	1084
1316.93	1078
1317.38	1079
1317.82	1067
1318.26	1071
1318.71	1064
1319.15	1074
1319.59	1065
1320.04	1056
1320.48	1060
1320.92	1067
1321.37	1061
1321.81	1056
1322.25	1070
1322.7	1067
1323.14	1048
1323.58	1072
1324.03	1058
1324.47	1063
1324.91	1062
1325.35	1066
1325.8	1056
1326.24	1061
1326.68	1064
1327.13	1070
1327.57	1060
1328.01	1073
1328.45	1060
1328.9	1064
1329.34	1073
1329.78	1070
1330.22	1065
1330.67	1059
1331.11	1064
1331.55	1066
1331.99	1077
1332.44	1074
1332.88	1069
1333.32	1075
1333.76	1078
1334.21	1072
1334.65	1064
1335.09	1066
1335.53	1080
1335.97	1090
1336.42	1096
1336.86	1093
1337.3	1091
1337.74	1101
1338.18	1096
1338.63	1104
1339.07	1120
1339.51	1103
1339.95	1116
1340.39	1122
1340.84	1111
1341.28	1112
1341.72	1100
1342.16	1105
1342.6	1094
1343.05	1103
1343.49	1086
1343.93	1081
1344.37	1088
1344.81	1090
1345.25	1088
1345.69	1080
1346.14	1093
1346.58	1107
1347.02	1104
1347.46	1111
1347.9	1105
1348.34	1121
1348.78	1127
1349.22	1147
1349.66	1126
1350.11	1109
1350.55	1130
1350.99	1122
1351.43	1122
1351.87	1104
1352.31	1108
1352.75	1094
1353.19	1093
1353.63	1094
1354.07	1083
1354.52	1086
1354.96	1090
1355.4	1091
1355.84	1083
1356.28	1084
1356.72	1081
1357.16	1084
1357.6	1078
1358.04	1086
1358.48	1075
1358.92	1080
1359.36	1067
1359.8	1074
1360.24	1083
1360.68	1070
1361.12	1073
1361.56	1076
1362	1078
1362.44	1078
1362.88	1077
1363.32	1078
1363.76	1075
1364.2	1069
1364.64	1071
1365.08	1068
1365.52	1060
1365.96	1062
1366.4	1070
1366.84	1070
1367.28	1069
1367.72	1073
1368.16	1058
1368.6	1058
1369.04	1070
1369.48	1068
1369.92	1070
1370.36	1063
1370.8	1076
1371.24	1077
1371.68	1075
1372.12	1076
1372.56	1072
1373	1079
1373.44	1068
1373.88	1064
1374.32	1054
1374.76	1078
1375.19	1072
1375.63	1057
1376.07	1060
1376.51	1068
1376.95	1058
1377.39	1070
1377.83	1063
1378.27	1040
1378.71	1056
1379.15	1068
1379.58	1066
1380.02	1066
1380.46	1066
1380.9	1069
1381.34	1069
1381.78	1063
1382.22	1065
1382.66	1060
1383.09	1050
1383.53	1068
1383.97	1052
1384.41	1060
1384.85	1064
1385.29	1052
1385.73	1066
1386.16	1065
1386.6	1060
1387.04	1056
1387.48	1067
1387.92	1064
1388.36	1072
1388.79	1068
1389.23	1071
1389.67	1064
1390.11	1076
1390.55	1079
1390.98	1072
1391.42	1074
1391.86	1068
1392.3	1072
1392.74	1068
1393.18	1070
1393.61	1070
1394.05	1054
1394.49	1069
1394.93	1065
1395.36	1062
1395.8	1064
1396.24	1054
1396.68	1069
1397.11	1061
1397.55	1069
1397.99	1060
1398.43	1063
1398.86	1071
1399.3	1057
1399.74	1072
1400.18	1064
1400.61	1065
1401.05	1056
1401.49	1070
1401.93	1059
1402.36	1067
1402.8	1069
1403.24	1071
1403.67	1064
1404.11	1062
1404.55	1077
1404.99	1069
1405.42	1070
1405.86	1074
1406.3	1068
1406.73	1058
1407.17	1076
1407.61	1066
1408.04	1066
1408.48	1062
1408.92	1072
1409.35	1070
1409.79	1076
1410.23	1081
1410.66	1079
1411.1	1078
1411.54	1078
1411.97	1074
1412.41	1090
1412.85	1090
1413.28	1090
1413.72	1090
1414.16	1091
1414.59	1100
1415.03	1100
1415.47	1106
1415.9	1103
1416.34	1093
1416.77	1092
1417.21	1094
1417.65	1078
1418.08	1086
1418.52	1085
1418.95	1080
1419.39	1077
1419.82	1070
1420.26	1072
1420.7	1062
1421.13	1078
1421.57	1078
1422	1066
1422.44	1064
1422.88	1070
1423.31	1054
1423.75	1060
1424.18	1072
1424.62	1064
1425.05	1065
1425.49	1060
1425.92	1070
1426.36	1064
1426.8	1056
1427.23	1069
1427.67	1052
1428.1	1066
1428.54	1068
1428.97	1056
1429.41	1058
1429.84	1067
1430.28	1058
1430.71	1063
1431.15	1072
1431.58	1058
1432.02	1068
1432.45	1056
1432.89	1070
1433.32	1060
1433.76	1060
1434.19	1068
1434.63	1052
1435.06	1062
1435.5	1060
1435.93	1062
1436.37	1064
1436.8	1070
1437.24	1062
1437.67	1067
1438.11	1066
1438.54	1073
1438.97	1071
1439.41	1079
1439.84	1072
1440.28	1090
1440.71	1102
1441.15	1095
1441.58	1095
1442.01	1113
1442.45	1084
1442.88	1100
1443.32	1100
1443.75	1096
1444.19	1094
1444.62	1094
1445.05	1087
1445.49	1092
1445.92	1085
1446.36	1084
1446.79	1088
1447.22	1081
1447.66	1094
1448.09	1095
1448.52	1104
1448.96	1111
1449.39	1113
1449.83	1116
1450.26	1116
1450.69	1127
1451.13	1128
1451.56	1130
1451.99	1130
1452.43	1134
1452.86	1114
1453.29	1151
1453.73	1169
1454.16	1180
1454.59	1209
1455.03	1225
1455.46	1238
1455.89	1212
1456.33	1202
1456.76	1177
1457.19	1134
1457.63	1102
1458.06	1093
1458.49	1076
1458.93	1090
1459.36	1089
1459.79	1084
1460.23	1088
1460.66	1079
1461.09	1066
1461.52	1070
1461.95	1078
1462.39	1083
1462.82	1087
1463.25	1080
1463.69	1083
1464.12	1081
1464.55	1078
1464.99	1088
1465.42	1078
1465.85	1083
1466.28	1094
1466.71	1085
1467.15	1086
1467.58	1101
1468.01	1096
1468.44	1086
1468.88	1096
1469.31	1096
1469.74	1108
1470.17	1112
1470.6	1118
1471.04	1110
1471.47	1112
1471.9	1108
1472.33	1114
1472.76	1103
1473.2	1076
1473.63	1093
1474.06	1074
1474.49	1065
1474.92	1072
1475.36	1072
1475.79	1078
1476.22	1072
1476.65	1074
1477.08	1071
1477.51	1065
1477.95	1075
1478.38	1063
1478.81	1065
1479.24	1065
1479.67	1074
1480.1	1058
1480.54	1067
1480.97	1064
1481.4	1078
1481.83	1074
1482.26	1063
1482.69	1071
1483.12	1068
1483.55	1068
1483.98	1069
1484.42	1075
1484.85	1058
1485.28	1062
1485.71	1069
1486.14	1058
1486.57	1070
1487	1066
1487.43	1059
1487.86	1058
1488.3	1058
1488.73	1062
1489.16	1074
1489.59	1063
1490.02	1066
1490.45	1071
1490.88	1068
1491.31	1072
1491.74	1065
1492.17	1057
1492.6	1064
1493.03	1063
1493.46	1064
1493.89	1072
1494.32	1060
1494.75	1061
1495.18	1077
1495.61	1064
1496.04	1054
1496.48	1066
1496.9	1063
1497.33	1074
1497.77	1072
1498.19	1072
1498.62	1058
1499.06	1066
1499.48	1065
1499.91	1074
1500.35	1064
1500.77	1066
1501.2	1073
1501.63	1063
1502.06	1074
1502.49	1058
1502.92	1060
1503.35	1076
1503.78	1067
1504.21	1057
1504.64	1070
1505.07	1062
1505.5	1079
1505.93	1061
1506.36	1062
1506.79	1067
1507.22	1074
1507.65	1076
1508.08	1072
1508.51	1069
1508.94	1071
1509.36	1080
1509.79	1076
1510.22	1071
1510.65	1076
1511.08	1083
1511.51	1068
1511.94	1064
1512.37	1073
1512.8	1080
1513.23	1078
1513.66	1078
1514.09	1084
1514.51	1082
1514.94	1090
1515.37	1098
1515.8	1089
1516.23	1082
1516.66	1102
1517.09	1116
1517.52	1158
1517.94	1178
1518.37	1188
1518.8	1180
1519.23	1158
1519.66	1136
1520.09	1133
1520.52	1082
1520.94	1076
1521.37	1080
1521.8	1082
1522.23	1074
1522.66	1075
1523.09	1087
1523.51	1074
1523.94	1070
1524.37	1069
1524.8	1076
1525.22	1066
1525.65	1082
1526.08	1071
1526.51	1073
1526.94	1069
1527.37	1069
1527.79	1050
1528.22	1066
1528.65	1063
1529.08	1052
1529.5	1067
1529.93	1065
1530.36	1058
1530.79	1074
1531.21	1066
1531.64	1054
1532.07	1070
1532.5	1071
1532.92	1067
1533.35	1068
1533.78	1054
1534.21	1066
1534.63	1057
1535.06	1068
1535.49	1069
1535.92	1057
1536.34	1064
1536.77	1069
1537.2	1071
1537.62	1062
1538.05	1069
1538.48	1062
1538.91	1065
1539.33	1074
1539.76	1076
1540.19	1065
1540.61	1062
1541.04	1066
1541.47	1074
1541.9	1066
1542.32	1054
1542.75	1071
1543.18	1061
1543.6	1060
1544.03	1064
1544.46	1062
1544.88	1074
1545.31	1072
1545.73	1068
1546.16	1072
1546.59	1058
1547.01	1069
1547.44	1065
1547.87	1067
1548.29	1062
1548.72	1069
1549.15	1065
1549.57	1074
1550	1068
1550.42	1090
1550.85	1077
1551.28	1072
1551.7	1071
1552.13	1074
1552.55	1064
1552.98	1088
1553.41	1073
1553.83	1074
1554.26	1072
1554.69	1072
1555.11	1082
1555.54	1068
1555.96	1071
1556.39	1074
1556.81	1088
1557.24	1088
1557.66	1094
1558.09	1106
1558.52	1072
1558.94	1092
1559.37	1105
1559.79	1099
1560.22	1108
1560.64	1108
1561.07	1103
1561.49	1120
1561.92	1112
1562.34	1088
1562.77	1108
1563.2	1112
1563.62	1098
1564.04	1108
1564.47	1101
1564.9	1109
1565.32	1094
1565.75	1092
1566.17	1101
1566.6	1078
1567.02	1095
1567.44	1099
1567.87	1096
1568.3	1084
1568.72	1092
1569.14	1089
1569.57	1090
1569.99	1068
1570.42	1086
1570.84	1086
1571.27	1080
1571.69	1079
1572.12	1086
1572.54	1071
1572.97	1062
1573.39	1070
1573.82	1078
1574.24	1072
1574.66	1069
1575.09	1073
1575.51	1075
1575.94	1056
1576.36	1064
1576.79	1073
1577.21	1071
1577.63	1065
1578.06	1075
1578.48	1069
1578.91	1068
1579.33	1065
1579.75	1064
1580.18	1068
1580.6	1053
1581.03	1053
1581.45	1054
1581.87	1065
1582.3	1062
1582.72	1058
1583.15	1058
1583.57	1060
1583.99	1065
1584.42	1069
1584.84	1067
1585.26	1057
1585.69	1055
1586.11	1064
1586.53	1058
1586.96	1067
1587.38	1056
1587.8	1054
1588.23	1056
1588.65	1054
1589.07	1061
1589.5	1062
1589.92	1056
1590.34	1062
1590.77	1069
1591.19	1056
1591.61	1056
1592.04	1057
1592.46	1058
1592.88	1058
1593.3	1058
1593.73	1061
1594.15	1057
1594.57	1065
1595	1057
1595.42	1060
1595.84	1050
1596.27	1054
1596.69	1071
1597.11	1057
1597.53	1052
1597.96	1077
1598.38	1062
1598.8	1063
1599.22	1056
1599.65	1056
1600.07	1064
1600.49	1054
1600.91	1052
1601.34	1058
1601.76	1052
1602.18	1061
1602.6	1062
1603.02	1060
1603.45	1052
1603.87	1059
1604.29	1054
1604.71	1072
1605.14	1052
1605.56	1057
1605.98	1060
1606.4	1058
1606.82	1055
1607.25	1046
1607.67	1060
1608.09	1058
1608.51	1060
1608.93	1066
1609.35	1057
1609.78	1056
1610.2	1060
1610.62	1058
1611.04	1049
1611.46	1051
1611.89	1071
1612.31	1046
1612.73	1061
1613.15	1057
1613.57	1050
1613.99	1050
1614.41	1054
1614.83	1058
1615.26	1060
1615.68	1054
1616.1	1052
1616.52	1054
1616.94	1054
1617.36	1053
1617.78	1056
1618.21	1046
1618.63	1064
1619.05	1051
1619.47	1050
1619.89	1053
1620.31	1056
1620.73	1058
1621.15	1065
1621.57	1058
1621.99	1058
1622.41	1060
1622.83	1060
1623.26	1054
1623.68	1057
1624.1	1048
1624.52	1066
1624.94	1066
1625.36	1060
1625.78	1052
1626.2	1050
1626.62	1056
1627.04	1068
1627.46	1066
1627.88	1057
1628.3	1064
1628.72	1068
1629.14	1054
1629.56	1059
1629.98	1052
1630.4	1067
1630.82	1064
1631.24	1053
1631.66	1050
1632.08	1052
1632.5	1062
1632.92	1060
1633.34	1050
1633.76	1048
1634.18	1055
1634.6	1063
1635.02	1068
1635.44	1054
1635.86	1056
1636.28	1056
1636.7	1052
1637.12	1056
1637.54	1058
1637.96	1060
1638.38	1059
1638.8	1060
1639.22	1069
1639.64	1056
1640.06	1051
1640.48	1055
1640.9	1066
1641.32	1059
1641.74	1057
1642.16	1060
1642.57	1060
1642.99	1056
1643.41	1069
1643.83	1056
1644.25	1062
1644.67	1067
1645.09	1057
1645.51	1056
1645.93	1064
1646.35	1058
1646.77	1065
1647.19	1058
1647.6	1054
1648.02	1061
1648.44	1053
1648.86	1056
1649.28	1057
1649.7	1046
1650.12	1053
1650.54	1056
1650.95	1059
1651.37	1064
1651.79	1052
1652.21	1061
1652.63	1058
1653.05	1061
1653.46	1066
1653.88	1055
1654.3	1055
1654.72	1064
1655.14	1056
1655.56	1058
1655.98	1059
1656.39	1058
1656.81	1056
1657.23	1056
1657.65	1062
1658.07	1053
1658.48	1056
1658.9	1066
1659.32	1054
1659.74	1062
1660.16	1054
1660.57	1066
1660.99	1053
1661.41	1062
1661.83	1057
1662.25	1056
1662.66	1060
1663.08	1061
1663.5	1056
1663.92	1060
1664.33	1056
1664.75	1060
1665.17	1061
1665.59	1057
1666.01	1048
1666.42	1063
1666.84	1056
1667.26	1053.99
1667.67	1059.88
1668.09	1056.28
1668.51	1059.04
1668.93	1056.84
1669.34	1061.39
1669.76	1055.77
1670.18	1056.36
1670.6	1053.28
1671.01	1066.04
1671.43	1056.38
1671.85	1058.89
1672.26	1068.07
1672.68	1070.03
1673.1	1056.53
1673.51	1062.96
1673.93	1054.04
1674.35	1053.88
1674.77	1061.92
1675.18	1058.22
1675.6	1064.45
1676.02	1060.25
1676.43	1057.93
1676.85	1061.15
1677.27	1059.36
1677.68	1065.92
1678.1	1067.96
1678.52	1051.75
1678.93	1059.4
1679.35	1058.98
1679.77	1062.63
1680.18	1065.48
1680.6	1061.39
1681.01	1049.21
1681.43	1063.6
1681.85	1055.79
1682.26	1060.54
1682.68	1057.51
1683.1	1057.88
1683.51	1061.98
1683.93	1063.03
1684.35	1059.75
1684.76	1065.65
1685.18	1058.45
1685.59	1057.66
1686.01	1062.06
1686.43	1058.72
1686.84	1062.3
1687.26	1062.91
1687.67	1058.73
1688.09	1057.85
1688.5	1060.72
1688.92	1060.85
1689.34	1052.92
1689.75	1055.86
1690.17	1058.59
1690.58	1057.41
1691	1055.45
1691.42	1056
1691.83	1061.55
1692.24	1053.86
1692.66	1055.81
1693.08	1057.11
1693.49	1060.24
1693.91	1058.4
1694.32	1057.41
1694.74	1060.56
1695.15	1059
1695.57	1052.52
1695.98	1055.25
1696.4	1058.18
1696.81	1059.66
1697.23	1055.84
1697.64	1053.38
1698.06	1053.26
1698.48	1058.41
1698.89	1055.25
1699.3	1056.37
1699.72	1053.11
1700.14	1056.27
1700.55	1055.97
1700.97	1054.5
1701.38	1059.16
1701.79	1055.35
1702.21	1055.81
1702.62	1048.76
1703.04	1055.87
1703.45	1057.74
1703.87	1054.42
1704.28	1054.4
1704.7	1056.35
1705.11	1060.3
1705.53	1051.63
1705.94	1056.28
1706.35	1046.52
1706.77	1054.91
1707.18	1045.28
1707.6	1054.61
1708.01	1060.17
1708.43	1063.04
1708.84	1051.28
1709.24	1056
1709.66	1062
1710.08	1050
1710.5	1054
1710.92	1054
1711.33	1056
1711.75	1058
1712.17	1051
1712.59	1056
1713.01	1052
1713.43	1038
1713.85	1054
1714.27	1060
1714.69	1046
1715.11	1052
1715.53	1053
1715.95	1057
1716.37	1050
1716.78	1056
1717.2	1052
1717.62	1054
1718.04	1056
1718.46	1042
1718.88	1058
1719.3	1068
1719.72	1047
1720.13	1056
1720.55	1056
1720.97	1053
1721.39	1053
1721.81	1066
1722.23	1056
1722.65	1064
1723.06	1055
1723.48	1058
1723.9	1054
1724.32	1052
1724.74	1052
1725.16	1060
1725.57	1048
1725.99	1056
1726.41	1064
1726.83	1061
1727.25	1050
1727.66	1061
1728.08	1059
1728.5	1050
1728.92	1062
1729.34	1057
1729.76	1038
1730.17	1058
1730.59	1052
1731.01	1056
1731.43	1056
1731.85	1046
1732.26	1062
1732.68	1048
1733.1	1049
1733.52	1044
1733.93	1058
1734.35	1050
1734.77	1056
1735.19	1064
1735.6	1059
1736.02	1056
1736.44	1054
1736.86	1056
1737.27	1050
1737.69	1060
1738.11	1056
1738.53	1056
1738.94	1055
1739.36	1064
1739.78	1058
1740.19	1058
1740.61	1054
1741.03	1053
1741.45	1052
1741.86	1062
1742.28	1060
1742.7	1051
1743.11	1052
1743.53	1058
1743.95	1042
1744.37	1058
1744.78	1060
1745.2	1058
1745.62	1050
1746.03	1056
1746.45	1052
1746.87	1061
1747.28	1056
1747.7	1051
1748.12	1055
1748.53	1057
1748.95	1062
1749.37	1052
1749.78	1058
1750.2	1066
1750.62	1056
1751.03	1060
1751.45	1045
1751.86	1051
1752.28	1048
1752.7	1064
1753.11	1054
1753.53	1054
1753.95	1050
1754.36	1055
1754.78	1060
1755.19	1060
1755.61	1056
1756.03	1044
1756.44	1057
1756.86	1062
1757.27	1059
1757.69	1052
1758.11	1045
1758.52	1044
1758.94	1042
1759.35	1066
1759.77	1050
1760.18	1060
1760.6	1061
1761.02	1059
1761.43	1057
1761.85	1046
1762.26	1060
1762.68	1059
1763.1	1052
1763.51	1062
1763.93	1064
1764.34	1054
1764.76	1056
1765.17	1059
1765.59	1055
1766	1057
1766.42	1059
1766.83	1054
1767.25	1054
1767.66	1060
1768.08	1050
1768.49	1055
1768.91	1062
1769.32	1046
1769.74	1053
1770.16	1050
1770.57	1052
1770.98	1057
1771.4	1059
1771.82	1055
1772.23	1056
1772.64	1062
1773.06	1052
1773.47	1057
1773.89	1060
1774.3	1059
1774.72	1060
1775.13	1058
1775.55	1058
1775.96	1054
1776.38	1056
1776.79	1056
1777.21	1050
1777.62	1059
1778.03	1060
1778.45	1053
1778.86	1062
1779.28	1054
1779.69	1048
1780.11	1058
1780.52	1052
1780.94	1050
1781.35	1056
1781.76	1052
1782.18	1056
1782.59	1056
1783.01	1054
1783.42	1057
1783.83	1052
1784.25	1054
1784.66	1060
1785.08	1059
1785.49	1054
1785.9	1050
1786.32	1054
1786.73	1054
1787.14	1057
1787.56	1054
1787.97	1053
1788.39	1062
1788.8	1044
1789.21	1055
1789.63	1058
1790.04	1055
1790.45	1051
1790.87	1058
1791.28	1062
1791.69	1054
1792.11	1057
1792.52	1058
1792.93	1060
1793.35	1063
1793.76	1052
1794.17	1056
1794.59	1064
1795	1052
1795.41	1056
1795.83	1048
1796.24	1055
1796.65	1061
1797.07	1065
1797.48	1051
1797.89	1051
1798.31	1053
1798.72	1061
1799.13	1054
1799.54	1055
1799.96	1063
1800.37	1052
1800.78	1063
1801.19	1052
1801.61	1058
1802.02	1060
1802.43	1055
1802.84	1062
1803.26	1054
1803.67	1055
1804.08	1060
1804.5	1054
1804.91	1064
1805.32	1058
1805.73	1042
1806.15	1066
1806.56	1061
1806.97	1044
1807.38	1068
1807.8	1052
1808.21	1062
1808.62	1060
1809.03	1049
1809.44	1051
1809.86	1058
1810.27	1062
1810.68	1044
1811.09	1051
1811.5	1066
1811.92	1052
1812.33	1059
1812.74	1061
1813.15	1050
1813.56	1052
1813.98	1054
1814.39	1055
1814.8	1060
1815.21	1054
1815.62	1061
1816.03	1054
1816.45	1048
1816.86	1060
1817.27	1045
1817.68	1056
1818.09	1058
1818.5	1049
1818.91	1059
1819.33	1052
1819.74	1050
1820.15	1055
1820.56	1054
1820.97	1052
1821.38	1055
1821.79	1056
1822.21	1056
1822.62	1059
1823.03	1049
1823.44	1048
1823.85	1058
1824.26	1060
1824.67	1058
1825.08	1051
1825.49	1046
1825.9	1056
1826.32	1060
1826.73	1062
1827.14	1055
1827.55	1046
1827.96	1060
1828.37	1058
1828.78	1065
1829.19	1054
1829.6	1058
1830.01	1052
1830.42	1064
1830.83	1060
1831.24	1056
1831.65	1057
1832.06	1054
1832.48	1061
1832.89	1056
1833.3	1053
1833.71	1055
1834.12	1060
1834.53	1050
1834.94	1052
1835.35	1059
1835.76	1053
1836.17	1056
1836.58	1059
1836.99	1062
1837.4	1049
1837.81	1055
1838.22	1044
1838.63	1060
1839.04	1055
1839.45	1059
1839.86	1054
1840.27	1056
1840.68	1068
1841.09	1048
1841.5	1063
1841.91	1042
1842.32	1051
1842.73	1064
1843.14	1056
1843.55	1055
1843.96	1046
1844.36	1058
1844.77	1054
1845.18	1053
1845.59	1059
1846	1065
1846.41	1054
1846.82	1045
1847.23	1067
1847.64	1050
1848.05	1051
1848.46	1062
1848.87	1058
1849.28	1042
1849.69	1049
1850.1	1062
1850.5	1059
1850.91	1061
1851.32	1057
1851.73	1067
1852.14	1050
1852.55	1052
1852.96	1060
1853.37	1060
1853.78	1054
1854.19	1059
1854.59	1050
1855	1054
1855.41	1060
1855.82	1046
1856.23	1059
1856.64	1042
1857.05	1051
1857.46	1059
1857.86	1058
1858.27	1056
1858.68	1050
1859.09	1054
1859.5	1050
1859.91	1056
1860.32	1057
1860.72	1055
1861.13	1042
1861.54	1052
1861.95	1058
1862.36	1059
1862.77	1067
1863.17	1054
1863.58	1058
1863.99	1060
1864.4	1055
1864.81	1064
1865.21	1056
1865.62	1050
1866.03	1056
1866.44	1063
1866.85	1061
1867.25	1054
1867.66	1050
1868.07	1058
1868.48	1060
1868.88	1052
1869.29	1058
1869.7	1057
1870.11	1046
1870.52	1052
1870.92	1063
1871.33	1053
1871.74	1060
1872.15	1057
1872.55	1050
1872.96	1060
1873.37	1055
1873.78	1057
1874.18	1046
1874.59	1054
1875	1063
1875.41	1051
1875.81	1044
1876.22	1042
1876.63	1059
1877.03	1057
1877.44	1064
1877.85	1056
1878.26	1059
1878.66	1054
1879.07	1052
1879.48	1060
1879.88	1058
1880.29	1058
1880.7	1051
1881.1	1061
1881.51	1048
1881.92	1044
1882.32	1044
1882.73	1058
1883.14	1058
1883.54	1048
1883.95	1056
1884.36	1062
1884.77	1052
1885.17	1050
1885.58	1063
1885.98	1061
1886.39	1052
1886.8	1056
1887.2	1052
1887.61	1048
1888.02	1059
1888.42	1054
1888.83	1054
1889.24	1054
1889.64	1058
1890.05	1046
1890.45	1054
1890.86	1048
1891.27	1068
1891.67	1054
1892.08	1062
1892.48	1052
1892.89	1060
1893.3	1064
1893.7	1054
1894.11	1062
1894.51	1054
1894.92	1058
1895.33	1051
1895.73	1058
1896.14	1050
1896.54	1054
1896.95	1047
1897.35	1058
1897.76	1052
1898.17	1058
1898.57	1057
1898.98	1047
1899.38	1055
1899.79	1056
1900.19	1060
1900.6	1058
1901	1055
1901.41	1052
1901.81	1063
1902.22	1050
1902.63	1053
1903.03	1056
1903.44	1054
1903.84	1048
1904.25	1056
1904.65	1054
1905.06	1060
1905.46	1060
1905.87	1062
1906.27	1056
1906.68	1062
1907.08	1052
1907.49	1062
1907.89	1058
1908.3	1050
1908.7	1056
1909.11	1059
1909.51	1065
1909.92	1058
1910.32	1060
1910.72	1040
1911.13	1058
1911.53	1060
1911.94	1055
1912.34	1063
1912.75	1058
1913.15	1056
1913.56	1060
1913.96	1057
1914.37	1049
1914.77	1060
1915.17	1060
1915.58	1058
1915.98	1051
1916.39	1054
1916.79	1060
1917.2	1050
1917.6	1056
1918	1052
1918.41	1054
1918.81	1053
1919.22	1061
1919.62	1062
1920.02	1048
1920.43	1063
1920.83	1061
1921.24	1063
1921.64	1054
1922.04	1053
1922.45	1052
1922.85	1056
1923.26	1061
1923.66	1066
1924.06	1056
1924.47	1057
1924.87	1054
1925.27	1059
1925.68	1054
1926.08	1046
1926.48	1048
1926.89	1060
1927.29	1054
1927.69	1042
1928.1	1054
1928.5	1052
1928.91	1054
1929.31	1048
1929.71	1055
1930.11	1054
1930.52	1064
1930.92	1054
1931.32	1048
1931.73	1053
1932.13	1055
1932.53	1060
1932.94	1048
1933.34	1051
1933.74	1050
1934.15	1040
1934.55	1061
1934.95	1055
1935.35	1052
1935.76	1052
1936.16	1055
1936.56	1058
1936.97	1055
1937.37	1056
1937.77	1050
1938.17	1050
1938.58	1058
1938.98	1046
1939.38	1052
1939.78	1063
1940.19	1053
1940.59	1050
1940.99	1073
1941.39	1059
1941.8	1058
1942.2	1060
1942.6	1057
1943	1050
1943.41	1060
1943.81	1058
1944.21	1054
1944.61	1050
1945.01	1061
1945.42	1060
1945.82	1048
1946.22	1061
1946.62	1065
1947.02	1056
1947.43	1060
1947.83	1051
1948.23	1054
1948.63	1060
1949.03	1050
1949.44	1058
1949.84	1055
1950.24	1054
1950.64	1042
1951.04	1060
1951.44	1068
1951.85	1055
1952.25	1060
1952.65	1052
1953.05	1054
1953.45	1051
1953.85	1061
1954.26	1053
1954.66	1048
1955.06	1046
1955.46	1049
1955.86	1059
1956.26	1052
1956.66	1052
1957.07	1046
1957.47	1050
1957.87	1061
1958.27	1054
1958.67	1050
1959.07	1048
1959.47	1058
1959.87	1040
1960.27	1050
1960.68	1054
1961.08	1056
1961.48	1063
1961.88	1050
1962.28	1049
1962.68	1053
1963.08	1053
1963.48	1066
1963.88	1044
1964.28	1058
1964.68	1048
1965.09	1060
1965.49	1062
1965.89	1057
1966.29	1052
1966.69	1053
1967.09	1042
1967.49	1049
1967.89	1052
1968.29	1044
1968.69	1057
1969.09	1057
1969.49	1047
1969.89	1056
1970.29	1052
1970.69	1061
1971.09	1057
1971.49	1054
1971.89	1056
1972.29	1054
1972.69	1054
1973.09	1059
1973.49	1058
1973.89	1050
1974.29	1056
1974.69	1054
1975.09	1058
1975.49	1055
1975.89	1060
1976.29	1046
1976.69	1055
1977.09	1050
1977.49	1059
1977.89	1049
1978.29	1054
1978.69	1054
1979.09	1042
1979.49	1060
1979.89	1056
1980.29	1057
1980.69	1054
1981.09	1054
1981.49	1064
1981.89	1062
1982.29	1054
1982.69	1052
1983.08	1058
1983.48	1060
1983.88	1060
1984.28	1060
1984.68	1058
1985.08	1046
1985.48	1060
1985.88	1053
1986.28	1052
1986.68	1060
1987.08	1044
1987.47	1058
1987.87	1058
1988.27	1044
1988.67	1050
1989.07	1047
1989.47	1057
1989.87	1048
1990.27	1066
1990.67	1046
1991.06	1053
1991.46	1050
1991.86	1048
1992.26	1052
1992.66	1054
1993.06	1052
1993.46	1050
1993.86	1054
1994.25	1050
1994.65	1057
1995.05	1056
1995.45	1051
1995.85	1060
1996.25	1056
1996.64	1064
1997.04	1043
1997.44	1059
1997.84	1048
1998.24	1058
1998.64	1048
1999.03	1056
1999.43	1062
1999.83	1054
