400.412	1077
400.915	1088
401.417	1088
401.92	1088
402.421	1082
402.925	1084
403.426	1080
403.93	1074
404.431	1084
404.934	1080
405.435	1084
405.939	1078
406.44	1080
406.941	1084
407.444	1066
407.945	1065
408.448	1071
408.949	1068
409.453	1077
409.954	1069
410.454	1070
410.957	1062
411.458	1065
411.959	1057
412.462	1072
412.963	1058
413.466	1060
413.967	1059
414.467	1057
414.97	1060
415.471	1056
415.971	1063
416.474	1057
416.975	1060
417.475	1066
417.978	1065
418.478	1060
418.979	1048
419.481	1056
419.982	1056
420.482	1051
420.983	1054
421.485	1057
421.985	1052
422.486	1062
422.988	1067
423.488	1048
423.988	1058
424.489	1055
424.991	1056
425.491	1066
425.991	1046
426.491	1046
426.991	1060
427.493	1057
427.993	1062
428.493	1072
428.993	1060
429.495	1062
429.995	1062
430.495	1073
430.995	1060
431.495	1056
431.994	1076
432.496	1069
432.996	1070
433.496	1062
433.995	1070
434.495	1072
434.995	1068
435.494	1068
435.996	1072
436.495	1082
436.995	1053
437.494	1078
437.994	1078
438.493	1075
438.993	1086
439.492	1086
439.991	1082
440.493	1086
440.992	1090
441.491	1083
441.99	1087
442.49	1094
442.989	1086
443.488	1086
443.987	1088
444.486	1070
444.985	1086
445.484	1083
445.983	1085
446.482	1078
446.981	1084
447.48	1082
447.979	1088
448.478	1094
448.977	1096
449.476	1091
449.974	1092
450.473	1101
450.972	1098
451.471	1100
451.969	1096
452.468	1098
452.967	1116
453.465	1092
453.964	1112
454.462	1116
454.961	1122
455.457	1118
455.956	1134
456.454	1132
456.953	1132
457.451	1138
457.95	1145
458.448	1134
458.946	1128
459.445	1156
459.943	1140
460.439	1124
460.937	1137
461.435	1115
461.933	1113
462.432	1116
462.93	1107
463.428	1104
463.924	1091
464.422	1090
464.92	1097
465.418	1091
465.916	1086
466.412	1093
466.909	1080
467.407	1077
467.905	1066
468.403	1078
468.899	1072
469.396	1069
469.894	1073
470.392	1064
470.887	1074
471.385	1062
471.883	1079
472.38	1116
472.876	1211
473.373	1330
473.871	1491
474.368	1677
474.864	1737
475.361	1670
475.858	1504
476.354	1397
476.851	1252
477.348	1148
477.844	1066
478.341	1054
478.838	1064
479.333	1068
479.831	1063
480.328	1056
480.823	1050
481.32	1072
481.817	1061
482.312	1048
482.809	1071
483.306	1062
483.801	1071
484.298	1058
484.793	1069
485.289	1067
485.786	1063
486.281	1066
486.778	1074
487.273	1059
487.769	1058
488.266	1068
488.761	1052
489.257	1065
489.752	1068
490.249	1069
490.743	1057
491.24	1068
491.734	1061
492.231	1073
492.725	1065
493.222	1060
493.716	1066
494.212	1064
494.707	1067
495.203	1071
495.697	1066
496.194	1056
496.688	1062
497.184	1052
497.678	1075
498.174	1062
498.669	1068
499.165	1072
499.659	1076
500.155	1068
500.649	1071
501.143	1068
501.639	1064
502.133	1072
502.629	1070
503.123	1068
503.618	1048
504.112	1062
504.606	1062
505.102	1071
505.596	1077
506.089	1077
506.585	1070
507.079	1054
507.574	1068
508.068	1072
508.562	1061
509.057	1052
509.551	1060
510.044	1067
510.54	1062
511.033	1068
511.527	1069
512.022	1074
512.515	1068
513.009	1072
513.502	1068
513.997	1060
514.491	1066
514.984	1065
515.479	1068
515.972	1068
516.465	1071
516.959	1068
517.454	1064
517.947	1063
518.44	1074
518.933	1072
519.428	1067
519.921	1069
520.414	1078
520.907	1073
521.4	1054
521.894	1075
522.387	1067
522.88	1068
523.373	1083
523.866	1079
524.36	1076
524.853	1080
525.346	1080
525.838	1086
526.331	1091
526.824	1086
527.318	1108
527.811	1100
528.303	1104
528.796	1106
529.288	1123
529.781	1128
530.273	1136
530.765	1148
531.258	1153
531.752	1163
532.245	1160
532.737	1179
533.229	1176
533.721	1174
534.213	1180
534.706	1198
535.198	1175
535.69	1178
536.182	1180
536.674	1158
537.166	1138
537.658	1158
538.15	1134
538.642	1138
539.134	1126
539.626	1122
540.118	1130
540.61	1112
541.101	1094
541.593	1122
542.085	1109
542.577	1092
543.068	1095
543.56	1091
544.052	1082
544.543	1078
545.035	1076
545.527	1081
546.018	1085
546.51	1073
547.001	1075
547.493	1076
547.984	1068
548.474	1079
548.965	1078
549.456	1066
549.948	1066
550.439	1054
550.93	1063
551.422	1057
551.913	1058
552.404	1062
552.893	1063
553.384	1048
553.875	1067
554.367	1064
554.858	1059
555.349	1066
555.838	1067
556.329	1080
556.82	1059
557.311	1062
557.802	1066
558.292	1060
558.781	1064
559.272	1065
559.763	1058
560.254	1056
560.742	1058
561.233	1055
561.724	1054
562.215	1052
562.703	1065
563.194	1055
563.685	1055
564.175	1066
564.664	1058
565.154	1061
565.645	1049
566.135	1062
566.624	1051
567.114	1064
567.604	1038
568.093	1060
568.583	1060
569.073	1056
569.562	1054
570.052	1064
570.542	1064
571.03	1060
571.521	1059
572.011	1062
572.499	1047
572.989	1054
573.479	1056
573.967	1055
574.457	1067
574.945	1064
575.435	1061
575.925	1056
576.413	1050
576.903	1058
577.391	1040
577.88	1052
578.37	1055
578.858	1054
579.348	1059
579.835	1058
580.325	1060
580.813	1062
581.302	1063
581.79	1053
582.28	1055
582.767	1052
583.257	1044
583.746	1060
584.234	1059
584.723	1053
585.211	1052
585.7	1054
586.188	1052
586.675	1057
587.164	1052
587.651	1064
588.141	1056
588.628	1048
589.117	1060
589.604	1048
590.094	1050
590.581	1059
591.07	1053
591.557	1059
592.044	1055
592.533	1051
593.02	1059
593.509	1054
593.996	1046
594.483	1058
594.972	1054
595.459	1044
595.948	1054
596.435	1059
596.921	1046
597.41	1055
597.897	1053
598.384	1063
598.872	1051
599.359	1046
599.846	1056
600.334	1056
600.821	1062
601.307	1055
601.796	1051
602.282	1056
602.769	1055
603.257	1044
603.744	1061
604.23	1043
604.717	1056
605.205	1050
605.691	1057
606.178	1050
606.664	1053
607.152	1056
607.638	1063
608.125	1056
608.611	1052
609.099	1059
609.585	1064
610.071	1060
610.557	1059
611.043	1044
611.531	1044
612.017	1057
612.503	1064
612.989	1052
613.475	1048
613.963	1056
614.449	1052
614.935	1055
615.421	1056
615.906	1053
616.392	1058
616.878	1053
617.366	1061
617.851	1056
618.337	1050
618.823	1055
619.308	1062
619.794	1052
620.279	1054
620.765	1058
621.25	1052
621.736	1059
622.223	1060
622.709	1056
623.194	1054
623.679	1049
624.165	1064
624.65	1048
625.135	1064
625.621	1054
626.106	1054
626.591	1056
627.076	1054
627.561	1052
628.047	1056
628.532	1056
629.017	1050
629.502	1058
629.987	1052
630.472	1055
630.957	1056
631.442	1060
631.927	1057
632.412	1048
632.896	1060
633.381	1058
633.866	1052
634.351	1053
634.836	1052
635.318	1060
635.803	1055
636.288	1060
636.773	1066
637.257	1049
637.742	1063
638.226	1054
638.711	1056
639.196	1056
639.68	1040
640.163	1052
640.647	1061
641.131	1052
641.616	1050
642.1	1060
642.585	1055
643.067	1057
643.551	1065
644.035	1055
644.52	1054
645.004	1050
645.488	1052
645.97	1061
646.455	1053
646.939	1051
647.423	1060
647.907	1062
648.389	1051
648.873	1060
649.357	1057
649.841	1053
650.323	1060
650.807	1050
651.291	1056
651.774	1053
652.256	1071
652.74	1060
653.224	1059
653.706	1054
654.189	1062
654.673	1061
655.157	1056
655.638	1066
656.122	1048
656.606	1051
657.087	1058
657.571	1059
658.054	1064
658.536	1059
659.019	1061
659.501	1062
659.984	1062
660.468	1062
660.949	1075
661.432	1067
661.916	1076
662.397	1065
662.88	1072
663.362	1074
663.845	1066
664.328	1082
664.809	1080
665.292	1081
665.773	1078
666.256	1080
666.738	1093
667.221	1089
667.704	1094
668.185	1098
668.668	1096
669.148	1108
669.631	1120
670.112	1102
670.595	1120
671.076	1112
671.559	1102
672.04	1118
672.522	1092
673.003	1080
673.486	1094
673.966	1093
674.449	1076
674.93	1083
675.412	1080
675.893	1085
676.374	1066
676.856	1064
677.337	1068
677.819	1058
678.299	1060
678.782	1061
679.262	1050
679.743	1058
680.225	1080
680.705	1062
681.188	1058
681.668	1055
682.148	1065
682.63	1067
683.111	1056
683.591	1052
684.073	1058
684.553	1054
685.033	1056
685.515	1068
685.995	1055
686.475	1059
686.957	1054
687.437	1050
687.917	1056
688.399	1052
688.879	1058
689.359	1062
689.841	1052
690.32	1048
690.8	1054
691.28	1056
691.762	1059
692.242	1063
692.721	1065
693.201	1065
693.682	1053
694.162	1058
694.642	1052
695.121	1060
695.603	1051
696.082	1060
696.562	1050
697.041	1050
697.521	1060
698.002	1053
698.481	1051
698.961	1051
699.44	1057
699.919	1054
700.399	1057
700.88	1060
701.359	1058
701.838	1046
702.318	1054
702.797	1056
703.276	1058
703.755	1060
704.236	1056
704.715	1048
705.194	1060
705.673	1052
706.152	1061
706.631	1066
707.11	1050
707.589	1059
708.068	1064
708.547	1057
709.025	1060
709.504	1057
709.983	1054
710.462	1061
710.942	1060
711.421	1058
711.9	1058
712.378	1057
712.857	1054
713.336	1064
713.814	1051
714.293	1050
714.771	1058
715.25	1068
715.728	1066
716.207	1050
716.685	1054
717.161	1053
717.64	1048
718.118	1056
718.597	1064
719.075	1059
719.553	1053
720.031	1059
720.51	1056
720.988	1055
721.466	1048
721.944	1044
722.422	1065
722.9	1059
723.376	1053
723.854	1074
724.332	1058
724.81	1044
725.288	1059
725.766	1060
726.244	1052
726.72	1056
727.198	1058
727.676	1060
728.154	1055
728.631	1062
729.109	1056
729.585	1064
730.063	1062
730.54	1059
731.018	1062
731.496	1055
731.971	1064
732.449	1062
732.926	1056
733.404	1050
733.879	1050
734.357	1059
734.834	1060
735.312	1055
735.787	1064
736.265	1063
736.742	1054
737.219	1068
737.695	1060
738.172	1060
738.649	1049
739.124	1066
739.602	1054
740.079	1048
740.556	1060
741.031	1054
741.508	1050
741.985	1056
742.46	1058
742.937	1054
743.412	1053
743.889	1042
744.366	1042
744.841	1065
745.318	1060
745.795	1053
746.27	1055
746.747	1059
747.221	1050
747.698	1053
748.175	1058
748.65	1056
749.126	1059
749.601	1057
750.078	1050
750.552	1051
751.029	1059
751.506	1048
751.98	1054
752.457	1057
752.931	1067
753.408	1055
753.882	1054
754.359	1058
754.833	1060
755.309	1053
755.784	1058
756.26	1054
756.734	1054
757.211	1055
757.685	1062
758.161	1049
758.635	1056
759.109	1052
759.586	1050
760.06	1057
760.536	1060
761.01	1061
761.486	1056
761.96	1065
762.434	1061
762.91	1060
763.384	1069
763.86	1068
764.334	1044
764.808	1060
765.284	1057
765.757	1064
766.233	1062
766.707	1068
767.181	1067
767.656	1066
768.13	1065
768.604	1070
769.08	1061
769.553	1064
770.027	1071
770.502	1065
770.976	1069
771.45	1068
771.925	1072
772.398	1068
772.872	1071
773.345	1072
773.821	1066
774.294	1070
774.768	1066
775.241	1083
775.716	1074
776.19	1068
776.663	1066
777.136	1068
777.611	1076
778.084	1072
778.558	1072
779.031	1067
779.504	1069
779.979	1064
780.452	1076
780.925	1064
781.398	1070
781.871	1060
782.346	1070
782.819	1058
783.292	1058
783.765	1062
784.238	1069
784.71	1065
785.183	1057
785.658	1068
786.131	1064
786.604	1050
787.076	1067
787.549	1054
788.022	1066
788.494	1054
788.967	1056
789.439	1055
789.912	1067
790.387	1068
790.859	1060
791.332	1058
791.804	1053
792.276	1062
792.749	1060
793.221	1061
793.694	1063
794.166	1063
794.638	1061
795.111	1044
795.583	1058
796.055	1063
796.527	1050
797	1061
797.472	1062
797.944	1059
798.416	1053
798.888	1053
799.36	1055
799.832	1065
800.304	1058
800.776	1057
801.248	1060
801.718	1061
802.19	1044
802.662	1060
803.134	1061
803.606	1042
804.078	1063
804.549	1068
805.021	1054
805.493	1042
805.965	1057
806.434	1062
806.906	1058
807.378	1059
807.849	1060
808.321	1056
808.793	1061
809.264	1060
809.734	1066
810.205	1053
810.677	1054
811.148	1061
811.62	1055
812.089	1056
812.56	1057
813.032	1065
813.503	1060
813.974	1056
814.444	1059
814.915	1060
815.386	1054
815.857	1056
816.327	1066
816.798	1068
817.269	1058
817.74	1061
818.209	1064
818.68	1062
819.151	1056
819.62	1069
820.091	1053
820.562	1056
821.031	1066
821.502	1064
821.973	1066
822.442	1060
822.913	1062
823.384	1061
823.852	1069
824.323	1064
824.794	1064
825.263	1071
825.733	1064
826.204	1081
826.673	1075
827.143	1074
827.612	1088
828.082	1083
828.553	1092
829.022	1101
829.492	1088
829.961	1101
830.431	1096
830.901	1124
831.37	1118
831.84	1123
832.309	1123
832.779	1146
833.247	1176
833.718	1172
834.186	1200
834.656	1234
835.124	1250
835.594	1234
836.063	1248
836.533	1270
837.001	1250
837.471	1230
837.939	1196
838.409	1192
838.877	1175
839.347	1148
839.815	1146
840.285	1151
840.753	1132
841.221	1135
841.691	1142
842.159	1140
842.628	1151
843.096	1156
843.566	1156
844.034	1176
844.501	1180
844.971	1193
845.439	1212
845.907	1225
846.376	1229.97
846.844	1249.81
847.313	1245.96
847.781	1235.95
848.248	1261.12
848.718	1237.11
849.185	1231.46
849.653	1197.8
850.122	1185.38
850.59	1155.57
851.057	1153.66
851.525	1141.91
851.994	1129.7
852.461	1124.36
852.928	1108.48
853.398	1109.07
853.865	1103.37
854.332	1091.96
854.799	1092.53
855.269	1096.49
855.736	1091.69
856.203	1087.6
856.67	1077.59
857.139	1084.56
857.606	1077.8
858.073	1077.92
858.54	1083.13
859.009	1075.29
859.476	1062.33
859.943	1063.15
860.41	1076.38
860.877	1067.25
861.344	1058.25
861.812	1071.38
862.279	1064.95
862.746	1066.3
863.213	1060.44
863.68	1070.17
864.146	1065.71
864.615	1063.22
865.082	1068.67
865.548	1065.91
866.015	1063.86
866.481	1055.49
866.948	1057.39
867.415	1064.31
867.881	1059.48
868.348	1058.43
868.814	1063.22
869.283	1066.07
869.749	1058.02
870.215	1065.4
870.682	1061.04
871.148	1069.82
871.614	1057.74
872.081	1058.22
872.547	1060.71
873.013	1055.66
873.479	1064.96
873.946	1061.38
874.412	1060.01
874.878	1057.19
875.344	1061.61
875.81	1059.08
876.276	1056.1
876.742	1058.58
877.208	1059.1
877.674	1054.81
878.141	1059.73
878.606	1064.6
879.072	1059.38
879.538	1060.62
880.004	1060.44
880.47	1055.72
880.936	1049.92
881.4	1056.52
881.866	1059.35
882.331	1064.65
882.797	1063.07
883.263	1057.32
883.729	1059.38
884.194	1058.79
884.66	1058.16
885.125	1058.45
885.589	1053.51
886.055	1053.82
886.52	1058.68
886.986	1056.71
887.451	1052.53
887.917	1054.38
888.382	1056.36
888.846	1055.09
889.311	1054.37
889.777	1053.74
890.242	1054.36
890.707	1054.82
891.171	1054.92
891.636	1061.01
892.101	1067.47
892.566	1059.48
893.032	1052.2
893.307	1058
893.778	1061
894.247	1061
894.718	1048
895.187	1054
895.658	1057
896.127	1059
896.598	1058
897.067	1068
897.538	1059
898.009	1053
898.478	1063
898.948	1060
899.417	1077
899.888	1050
900.357	1064
900.827	1056
901.296	1062
901.767	1060
902.235	1065
902.704	1059
903.174	1062
903.643	1065
904.113	1069
904.582	1070
905.052	1072
905.521	1069
905.991	1072
906.46	1067
906.928	1062
907.398	1060
907.867	1061
908.337	1066
908.805	1066
909.276	1058
909.744	1075
910.212	1073
910.682	1075
911.15	1077
911.618	1086
912.089	1089
912.557	1082
913.025	1089
913.495	1082
913.963	1094
914.431	1099
914.901	1102
915.369	1113
915.837	1115
916.306	1110
916.774	1123
917.242	1120
917.712	1122
918.18	1110
918.648	1129
919.117	1117
919.585	1134
920.053	1120
920.52	1134
920.99	1143
921.458	1136
921.925	1129
922.393	1125
922.862	1136
923.33	1138
923.797	1152
924.265	1148
924.732	1153
925.202	1140
925.669	1137
926.137	1145
926.604	1135
927.071	1112
927.541	1116
928.008	1109
928.475	1101
928.942	1088
929.41	1099
929.877	1093
930.346	1084
930.813	1082
931.28	1080
931.747	1070
932.214	1072
932.681	1069
933.148	1066
933.615	1075
934.084	1077
934.551	1074
935.018	1073
935.485	1068
935.952	1077
936.419	1076
936.886	1068
937.352	1074
937.819	1068
938.286	1072
938.753	1062
939.219	1066
939.686	1078
940.153	1076
940.619	1074
941.086	1081
941.553	1078
942.019	1078
942.486	1090
942.952	1089
943.419	1104
943.885	1098
944.352	1105
944.818	1108
945.284	1097
945.751	1102
946.217	1102
946.683	1110
947.15	1107
947.616	1101
948.082	1102
948.549	1076
949.015	1085
949.481	1078
949.947	1089
950.413	1072
950.879	1075
951.345	1073
951.809	1061
952.275	1077
952.741	1064
953.207	1065
953.673	1062
954.139	1070
954.605	1067
955.071	1054
955.535	1064
956.001	1058
956.467	1072
956.932	1060
957.398	1068
957.864	1070
958.328	1066
958.793	1062
959.259	1080
959.725	1072
960.19	1067
960.654	1074
961.12	1078
961.585	1079
962.051	1086
962.516	1095
962.98	1093
963.445	1082
963.91	1092
964.376	1097
964.839	1101
965.305	1090
965.77	1088
966.233	1089
966.699	1076
967.164	1084
967.629	1070
968.092	1061
968.557	1068
969.023	1058
969.486	1066
969.951	1053
970.416	1058
970.879	1066
971.344	1067
971.809	1058
972.272	1046
972.737	1063
973.202	1064
973.665	1059
974.13	1058
974.595	1052
975.058	1054
975.522	1052
975.985	1060
976.45	1056
976.915	1053
977.378	1050
977.842	1065
978.305	1056
978.77	1052
979.232	1053
979.697	1056
980.161	1064
980.624	1062
981.089	1071
981.551	1050
982.016	1056
982.478	1067
982.943	1060
983.405	1059
983.869	1058
984.332	1061
984.796	1044
985.259	1058
985.723	1056
986.185	1060
986.649	1061
987.112	1064
987.576	1062
988.038	1056
988.502	1063
988.964	1048
989.428	1042
989.891	1058
990.353	1060
990.817	1054
991.279	1064
991.743	1056
992.205	1046
992.669	1060
993.131	1064
993.593	1061
994.056	1062
994.518	1052
994.98	1058
995.444	1061
995.906	1065
996.369	1066
996.831	1058
997.293	1050
997.757	1068
998.218	1067
998.68	1066
999.144	1064
999.605	1066
1000.07	1073
1000.53	1060
1000.99	1069
1001.45	1068
1001.91	1064
1002.38	1060
1002.84	1070
1003.3	1044
1003.76	1072
1004.23	1075
1004.69	1062
1005.15	1064
1005.61	1054
1006.07	1068
1006.53	1069
1007	1059
1007.46	1063
1007.92	1072
1008.38	1063
1008.84	1065
1009.3	1068
1009.77	1054
1010.23	1058
1010.69	1064
1011.15	1064
1011.61	1063
1012.07	1065
1012.53	1038
1013	1060
1013.46	1060
1013.92	1061
1014.38	1054
1014.84	1055
1015.3	1055
1015.76	1048
1016.22	1061
1016.68	1061
1017.14	1055
1017.61	1060
1018.07	1060
1018.53	1066
1018.99	1055
1019.45	1057
1019.91	1062
1020.37	1057
1020.83	1048
1021.29	1066
1021.75	1052
1022.21	1060
1022.67	1067
1023.13	1066
1023.59	1066
1024.05	1062
1024.51	1074
1024.97	1061
1025.44	1060
1025.9	1078
1026.36	1062
1026.82	1077
1027.28	1068
1027.74	1067
1028.2	1070
1028.66	1079
1029.12	1064
1029.58	1077
1030.04	1080
1030.5	1078
1030.96	1087
1031.42	1080
1031.88	1067
1032.34	1060
1032.79	1073
1033.25	1067
1033.71	1071
1034.17	1072
1034.63	1072
1035.09	1062
1035.55	1065
1036.01	1063
1036.47	1058
1036.93	1067
1037.39	1070
1037.85	1066
1038.31	1075
1038.77	1059
1039.23	1065
1039.69	1059
1040.15	1075
1040.61	1062
1041.06	1066
1041.52	1061
1041.98	1058
1042.44	1054
1042.9	1050
1043.36	1056
1043.82	1056
1044.28	1056
1044.74	1055
1045.2	1054
1045.65	1054
1046.11	1066
1046.57	1064
1047.03	1063
1047.49	1058
1047.95	1054
1048.41	1068
1048.86	1062
1049.32	1063
1049.78	1054
1050.24	1057
1050.7	1065
1051.16	1063
1051.61	1056
1052.07	1049
1052.53	1054
1052.99	1063
1053.45	1062
1053.91	1052
1054.36	1058
1054.82	1059
1055.28	1050
1055.74	1071
1056.2	1055
1056.65	1054
1057.11	1055
1057.57	1069
1058.03	1052
1058.49	1064
1058.94	1064
1059.4	1065
1059.86	1069
1060.32	1046
1060.77	1062
1061.23	1057
1061.69	1065
1062.15	1056
1062.6	1062
1063.06	1058
1063.52	1062
1063.98	1063
1064.43	1066
1064.89	1070
1065.35	1066
1065.81	1046
1066.26	1059
1066.72	1058
1067.18	1055
1067.64	1058
1068.09	1068
1068.55	1072
1069.01	1052
1069.46	1076
1069.92	1064
1070.38	1068
1070.83	1080
1071.29	1072
1071.75	1060
1072.2	1072
1072.66	1086
1073.12	1078
1073.57	1078
1074.03	1070
1074.49	1080
1074.94	1083
1075.4	1090
1075.86	1095
1076.31	1076
1076.77	1090
1077.23	1099
1077.68	1099
1078.14	1074
1078.6	1098
1079.05	1100
1079.51	1094
1079.96	1103
1080.42	1098
1080.88	1104
1081.33	1119
1081.79	1114
1082.24	1110
1082.7	1113
1083.16	1107
1083.61	1086
1084.07	1119
1084.52	1100
1084.98	1089
1085.44	1086
1085.89	1104
1086.35	1100
1086.8	1094
1087.26	1092
1087.71	1084
1088.17	1087
1088.63	1078
1089.08	1076
1089.54	1071
1089.99	1076
1090.45	1072
1090.9	1073
1091.36	1064
1091.81	1058
1092.27	1067
1092.72	1071
1093.18	1069
1093.63	1062
1094.09	1071
1094.54	1062
1095	1065
1095.45	1066
1095.91	1054
1096.36	1052
1096.82	1065
1097.27	1059
1097.73	1062
1098.18	1058
1098.64	1058
1099.09	1066
1099.55	1068
1100	1064
1100.46	1067
1100.91	1058
1101.37	1069
1101.82	1068
1102.27	1056
1102.73	1068
1103.18	1066
1103.64	1056
1104.09	1066
1104.55	1062
1105	1056
1105.46	1060
1105.91	1053
1106.36	1064
1106.82	1056
1107.27	1058
1107.73	1066
1108.18	1058
1108.63	1059
1109.09	1061
1109.54	1058
1110	1065
1110.45	1063
1110.9	1065
1111.36	1063
1111.81	1064
1112.26	1076
1112.72	1056
1113.17	1056
1113.63	1069
1114.08	1072
1114.53	1060
1114.99	1062
1115.44	1065
1115.89	1074
1116.35	1063
1116.8	1066
1117.25	1069
1117.71	1074
1118.16	1068
1118.61	1070
1119.07	1068
1119.52	1082
1119.97	1080
1120.43	1072
1120.88	1070
1121.33	1074
1121.79	1070
1122.24	1077
1122.69	1097
1123.14	1076
1123.6	1091
1124.05	1082
1124.5	1082
1124.96	1084
1125.41	1090
1125.86	1106
1126.31	1099
1126.77	1096
1127.22	1102
1127.67	1104
1128.12	1098
1128.58	1118
1129.03	1127
1129.48	1117
1129.93	1112
1130.39	1137
1130.84	1120
1131.29	1120
1131.74	1125
1132.19	1117
1132.65	1116
1133.1	1090
1133.55	1109
1134	1107
1134.46	1096
1134.91	1090
1135.36	1080
1135.81	1091
1136.26	1082
1136.72	1082
1137.17	1078
1137.62	1068
1138.07	1076
1138.52	1074
1138.98	1068
1139.43	1077
1139.88	1066
1140.33	1071
1140.78	1062
1141.23	1064
1141.68	1070
1142.14	1073
1142.59	1074
1143.04	1072
1143.49	1066
1143.94	1068
1144.39	1074
1144.84	1069
1145.3	1070
1145.75	1064
1146.2	1064
1146.65	1069
1147.1	1071
1147.55	1067
1148	1080
1148.45	1068
1148.9	1069
1149.35	1065
1149.81	1063
1150.26	1056
1150.71	1070
1151.16	1061
1151.61	1064
1152.06	1068
1152.51	1066
1152.96	1068
1153.41	1075
1153.86	1068
1154.31	1060
1154.76	1059
1155.21	1057
1155.66	1069
1156.11	1059
1156.57	1059
1157.02	1063
1157.47	1055
1157.92	1065
1158.37	1059
1158.82	1056
1159.27	1066
1159.72	1054
1160.17	1058
1160.62	1060
1161.07	1064
1161.52	1062
1161.97	1066
1162.42	1056
1162.87	1068
1163.32	1054
1163.77	1062
1164.22	1061
1164.67	1061
1165.12	1072
1165.57	1070
1166.02	1069
1166.47	1066
1166.91	1071
1167.37	1079
1167.81	1072
1168.26	1068
1168.71	1062
1169.16	1070
1169.61	1082
1170.06	1070
1170.51	1082
1170.96	1074
1171.41	1089
1171.86	1086
1172.31	1090
1172.76	1081
1173.21	1094
1173.66	1091
1174.1	1078
1174.55	1098
1175	1112
1175.45	1098
1175.9	1086
1176.35	1092
1176.8	1088
1177.25	1104
1177.7	1076
1178.14	1092
1178.59	1097
1179.04	1099
1179.49	1092
1179.94	1097
1180.39	1088
1180.84	1099
1181.28	1093
1181.73	1099
1182.18	1098
1182.63	1096
1183.08	1109
1183.53	1101
1183.97	1106
1184.42	1115
1184.87	1112
1185.32	1124
1185.77	1118
1186.22	1134
1186.66	1124
1187.11	1114
1187.56	1118
1188.01	1118
1188.46	1101
1188.9	1115
1189.35	1100
1189.8	1099
1190.25	1098
1190.69	1091
1191.14	1096
1191.59	1090
1192.04	1085
1192.49	1083
1192.93	1085
1193.38	1085
1193.83	1065
1194.28	1076
1194.72	1066
1195.17	1062
1195.62	1070
1196.07	1060
1196.51	1068
1196.96	1068
1197.41	1069
1197.86	1068
1198.3	1066
1198.75	1066
1199.2	1062
1199.64	1063
1200.09	1064
1200.54	1061
1200.99	1055
1201.43	1062
1201.88	1063
1202.33	1067
1202.77	1064
1203.22	1059
1203.67	1062
1204.11	1061
1204.56	1052
1205.01	1060
1205.45	1069
1205.9	1052
1206.35	1061
1206.79	1065
1207.24	1057
1207.69	1052
1208.13	1057
1208.58	1064
1209.03	1054
1209.47	1056
1209.92	1055
1210.36	1064
1210.81	1058
1211.26	1053
1211.7	1059
1212.15	1049
1212.6	1068
1213.04	1063
1213.49	1059
1213.93	1054
1214.38	1060
1214.83	1054
1215.27	1056
1215.72	1057
1216.16	1063
1216.61	1052
1217.05	1057
1217.5	1058
1217.95	1060
1218.39	1056
1218.84	1058
1219.28	1060
1219.73	1067
1220.17	1064
1220.62	1050
1221.07	1059
1221.51	1066
1221.96	1065
1222.4	1048
1222.85	1058
1223.29	1058
1223.74	1058
1224.18	1061
1224.63	1062
1225.07	1065
1225.52	1060
1225.96	1064
1226.41	1058
1226.85	1056
1227.3	1059
1227.74	1060
1228.19	1062
1228.63	1054
1229.08	1053
1229.52	1066
1229.97	1058
1230.41	1068
1230.86	1061
1231.3	1062
1231.75	1052
1232.19	1060
1232.64	1061
1233.08	1065
1233.53	1056
1233.97	1062
1234.41	1068
1234.86	1062
1235.3	1065
1235.75	1069
1236.19	1064
1236.64	1066
1237.08	1067
1237.53	1067
1237.97	1077
1238.41	1073
1238.86	1075
1239.3	1077
1239.75	1077
1240.19	1086
1240.63	1068
1241.08	1061
1241.52	1067
1241.97	1066
1242.41	1069
1242.85	1070
1243.3	1064
1243.74	1065
1244.19	1056
1244.63	1067
1245.07	1056
1245.52	1062
1245.96	1061
1246.4	1064
1246.85	1057
1247.29	1061
1247.73	1062
1248.18	1054
1248.62	1053
1249.06	1058
1249.51	1056
1249.95	1057
1250.39	1060
1250.84	1053
1251.28	1056
1251.72	1067
1252.17	1060
1252.61	1056
1253.05	1063
1253.5	1061
1253.94	1067
1254.38	1058
1254.83	1056
1255.27	1058
1255.71	1054
1256.15	1063
1256.6	1063
1257.04	1056
1257.48	1046
1257.92	1056
1258.37	1058
1258.81	1059
1259.25	1050
1259.7	1059
1260.14	1060
1260.58	1054
1261.02	1060
1261.47	1058
1261.91	1052
1262.35	1056
1262.79	1058
1263.24	1056
1263.68	1052
1264.12	1050
1264.56	1055
1265	1058
1265.44	1052
1265.89	1052
1266.33	1053
1266.77	1059
1267.21	1046
1267.66	1054
1268.1	1052
1268.54	1059.98
1268.98	1050.14
1269.42	1050.31
1269.86	1065.8
1270.31	1046.47
1270.75	1069.29
1271.19	1060.64
1271.63	1058.02
1272.07	1051.38
1272.52	1054.95
1272.96	1063.09
1273.4	1057.32
1273.84	1048.51
1274.28	1055.63
1274.72	1059.1
1275.16	1056.51
1275.6	1060.38
1276.05	1055.47
1276.49	1062.99
1276.93	1055.64
1277.37	1058.87
1277.81	1055.96
1278.25	1053.53
1278.69	1057.05
1279.13	1066.83
1279.58	1054.44
1280.02	1059.45
1280.46	1060.45
1280.9	1054.56
1281.34	1058.13
1281.78	1060.17
1282.22	1056.3
1282.66	1049.94
1283.1	1058.39
1283.54	1059.91
1283.98	1063.72
1284.42	1060.07
1284.87	1067.06
1285.31	1060.58
1285.75	1061.97
1286.19	1064.04
1286.63	1066.09
1287.07	1057.87
1287.51	1059.8
1287.95	1067.38
1288.39	1063.82
1288.83	1070.42
1289.27	1067.91
1289.71	1066.14
1290.15	1071.14
1290.59	1071.07
1291.03	1068.97
1291.47	1071.71
1291.91	1076.91
1292.35	1078.6
1292.79	1078.68
1293.23	1089.47
1293.67	1084.18
1294.11	1092.33
1294.55	1095.38
1294.99	1092.77
1295.43	1108.76
1295.87	1110.13
1296.31	1107.29
1296.75	1113.49
1297.19	1113.78
1297.63	1117.29
1298.07	1112.72
1298.51	1105.68
1298.95	1097.6
1299.39	1095.9
1299.83	1088.88
1300.27	1089.13
1300.71	1091.28
1301.15	1084.68
1301.59	1080.6
1302.02	1077.04
1302.46	1081.34
1302.9	1080.93
1303.34	1077.95
1303.78	1074.09
1304.22	1076.39
1304.66	1073.45
1305.1	1072.83
1305.54	1071.53
1305.98	1075.59
1306.42	1078.72
1306.86	1084.23
1307.29	1076.78
1307.73	1086.9
1308.17	1077.06
1308.61	1075.12
1309.05	1078.13
1309.49	1084.09
1309.93	1081.31
1310.36	1092.92
1310.8	1099.07
1311.24	1095.22
1311.68	1101.53
1312.12	1098.33
1312.56	1110.05
1313	1119.07
1313.38	1106
1313.83	1114
1314.27	1129
1314.72	1112
1315.16	1125
1315.6	1106
1316.05	1137
1316.49	1115
1316.93	1114
1317.38	1104
1317.82	1108
1318.26	1098
1318.71	1108
1319.15	1094
1319.59	1102
1320.04	1106
1320.48	1104
1320.92	1109
1321.37	1111
1321.81	1096
1322.25	1105
1322.7	1094
1323.14	1102
1323.58	1098
1324.03	1095
1324.47	1110
1324.91	1104
1325.35	1101
1325.8	1090
1326.24	1092
1326.68	1106
1327.13	1104
1327.57	1099
1328.01	1099
1328.45	1095
1328.9	1101
1329.34	1096
1329.78	1100
1330.22	1088
1330.67	1106
1331.11	1106
1331.55	1094
1331.99	1124
1332.44	1118
1332.88	1114
1333.32	1120
1333.76	1125
1334.21	1140
1334.65	1163
1335.09	1154
1335.53	1148
1335.97	1182
1336.42	1191
1336.86	1212
1337.3	1232
1337.74	1216
1338.18	1254
1338.63	1282
1339.07	1293
1339.51	1315
1339.95	1300
1340.39	1301
1340.84	1302
1341.28	1294
1341.72	1278
1342.16	1280
1342.6	1262
1343.05	1252
1343.49	1258
1343.93	1246
1344.37	1242
1344.81	1236
1345.25	1236
1345.69	1237
1346.14	1214
1346.58	1210
1347.02	1199
1347.46	1189
1347.9	1190
1348.34	1170
1348.78	1152
1349.22	1158
1349.66	1143
1350.11	1130
1350.55	1127
1350.99	1131
1351.43	1132
1351.87	1123
1352.31	1112
1352.75	1100
1353.19	1122
1353.63	1117
1354.07	1120
1354.52	1116
1354.96	1100
1355.4	1100
1355.84	1122
1356.28	1104
1356.72	1107
1357.16	1100
1357.6	1104
1358.04	1104
1358.48	1114
1358.92	1119
1359.36	1108
1359.8	1117
1360.24	1129
1360.68	1118
1361.12	1106
1361.56	1117
1362	1120
1362.44	1118
1362.88	1119
1363.32	1109
1363.76	1097
1364.2	1100
1364.64	1116
1365.08	1112
1365.52	1097
1365.96	1101
1366.4	1094
1366.84	1098
1367.28	1091
1367.72	1080
1368.16	1086
1368.6	1098
1369.04	1102
1369.48	1098
1369.92	1090
1370.36	1109
1370.8	1112
1371.24	1117
1371.68	1116
1372.12	1110
1372.56	1106
1373	1110
1373.44	1118
1373.88	1102
1374.32	1099
1374.76	1103
1375.19	1096
1375.63	1101
1376.07	1090
1376.51	1081
1376.95	1078
1377.39	1078
1377.83	1078
1378.27	1069
1378.71	1072
1379.15	1079
1379.58	1074
1380.02	1070
1380.46	1061
1380.9	1075
1381.34	1071
1381.78	1066
1382.22	1070
1382.66	1068
1383.09	1078
1383.53	1065
1383.97	1069
1384.41	1076
1384.85	1079
1385.29	1077
1385.73	1078
1386.16	1086
1386.6	1066
1387.04	1087
1387.48	1080
1387.92	1081
1388.36	1084
1388.79	1078
1389.23	1083
1389.67	1080
1390.11	1075
1390.55	1076
1390.98	1065
1391.42	1077
1391.86	1066
1392.3	1077
1392.74	1077
1393.18	1068
1393.61	1068
1394.05	1068
1394.49	1070
1394.93	1067
1395.36	1066
1395.8	1074
1396.24	1069
1396.68	1074
1397.11	1084
1397.55	1067
1397.99	1074
1398.43	1076
1398.86	1078
1399.3	1076
1399.74	1072
1400.18	1078
1400.61	1076
1401.05	1093
1401.49	1086
1401.93	1077
1402.36	1080
1402.8	1099
1403.24	1100
1403.67	1088
1404.11	1110
1404.55	1099
1404.99	1116
1405.42	1122
1405.86	1103
1406.3	1132
1406.73	1136
1407.17	1124
1407.61	1136
1408.04	1133
1408.48	1121
1408.92	1132
1409.35	1126
1409.79	1122
1410.23	1114
1410.66	1124
1411.1	1118
1411.54	1128
1411.97	1112
1412.41	1105
1412.85	1117
1413.28	1116
1413.72	1118
1414.16	1115
1414.59	1118
1415.03	1114
1415.47	1116
1415.9	1105
1416.34	1102
1416.77	1095
1417.21	1108
1417.65	1097
1418.08	1095
1418.52	1093
1418.95	1100
1419.39	1091
1419.82	1092
1420.26	1080
1420.7	1088
1421.13	1074
1421.57	1078
1422	1090
1422.44	1079
1422.88	1064
1423.31	1069
1423.75	1071
1424.18	1072
1424.62	1080
1425.05	1066
1425.49	1077
1425.92	1056
1426.36	1067
1426.8	1070
1427.23	1066
1427.67	1070
1428.1	1056
1428.54	1060
1428.97	1066
1429.41	1076
1429.84	1075
1430.28	1067
1430.71	1068
1431.15	1067
1431.58	1067
1432.02	1076
1432.45	1072
1432.89	1073
1433.32	1072
1433.76	1067
1434.19	1072
1434.63	1084
1435.06	1073
1435.5	1054
1435.93	1075
1436.37	1084
1436.8	1083
1437.24	1076
1437.67	1094
1438.11	1086
1438.54	1086
1438.97	1093
1439.41	1080
1439.84	1092
1440.28	1092
1440.71	1084
1441.15	1088
1441.58	1076
1442.01	1085
1442.45	1096
1442.88	1095
1443.32	1080
1443.75	1087
1444.19	1086
1444.62	1092
1445.05	1088
1445.49	1084
1445.92	1094
1446.36	1092
1446.79	1104
1447.22	1100
1447.66	1096
1448.09	1105
1448.52	1110
1448.96	1118
1449.39	1123
1449.83	1122
1450.26	1137
1450.69	1140
1451.13	1152
1451.56	1175
1451.99	1201
1452.43	1216
1452.86	1231
1453.29	1266
1453.73	1318
1454.16	1381
1454.59	1444
1455.03	1491
1455.46	1465
1455.89	1461
1456.33	1386
1456.76	1390
1457.19	1339
1457.63	1280
1458.06	1228
1458.49	1214
1458.93	1214
1459.36	1176
1459.79	1169
1460.23	1142
1460.66	1134
1461.09	1142
1461.52	1152
1461.95	1134
1462.39	1140
1462.82	1138
1463.25	1134
1463.69	1132
1464.12	1130
1464.55	1142
1464.99	1133
1465.42	1113
1465.85	1128
1466.28	1111
1466.71	1100
1467.15	1122
1467.58	1120
1468.01	1118
1468.44	1098
1468.88	1123
1469.31	1126
1469.74	1121
1470.17	1114
1470.6	1130
1471.04	1121
1471.47	1114
1471.9	1130
1472.33	1142
1472.76	1134
1473.2	1129
1473.63	1139
1474.06	1127
1474.49	1120
1474.92	1112
1475.36	1104
1475.79	1107
1476.22	1100
1476.65	1097
1477.08	1090
1477.51	1080
1477.95	1088
1478.38	1085
1478.81	1091
1479.24	1070
1479.67	1084
1480.1	1080
1480.54	1081
1480.97	1078
1481.4	1073
1481.83	1077
1482.26	1077
1482.69	1073
1483.12	1064
1483.55	1080
1483.98	1066
1484.42	1075
1484.85	1072
1485.28	1085
1485.71	1068
1486.14	1072
1486.57	1070
1487	1070
1487.43	1065
1487.86	1076
1488.3	1073
1488.73	1066
1489.16	1076
1489.59	1078
1490.02	1074
1490.45	1076
1490.88	1078
1491.31	1063
1491.74	1076
1492.17	1073
1492.6	1060
1493.03	1066
1493.46	1070
1493.89	1072
1494.32	1076
1494.75	1081
1495.18	1072
1495.61	1072
1496.04	1070
1496.48	1058
1496.9	1064
1497.33	1072
1497.77	1072
1498.19	1068
1498.62	1066
1499.06	1075
1499.48	1078
1499.91	1082
1500.35	1072
1500.77	1080
1501.2	1074
1501.63	1071
1502.06	1083
1502.49	1071
1502.92	1074
1503.35	1084
1503.78	1074
1504.21	1086
1504.64	1072
1505.07	1073
1505.5	1067
1505.93	1075
1506.36	1072
1506.79	1070
1507.22	1074
1507.65	1082
1508.08	1087
1508.51	1073
1508.94	1078
1509.36	1075
1509.79	1086
1510.22	1082
1510.65	1087
1511.08	1077
1511.51	1081
1511.94	1084
1512.37	1088
1512.8	1080
1513.23	1092
1513.66	1088
1514.09	1089
1514.51	1083
1514.94	1074
1515.37	1080
1515.8	1088
1516.23	1100
1516.66	1098
1517.09	1140
1517.52	1140
1517.94	1174
1518.37	1155
1518.8	1160
1519.23	1145
1519.66	1128
1520.09	1098
1520.52	1090
1520.94	1067
1521.37	1074
1521.8	1086
1522.23	1074
1522.66	1068
1523.09	1080
1523.51	1070
1523.94	1072
1524.37	1064
1524.8	1074
1525.22	1070
1525.65	1062
1526.08	1074
1526.51	1072
1526.94	1061
1527.37	1044
1527.79	1069
1528.22	1066
1528.65	1072
1529.08	1063
1529.5	1066
1529.93	1070
1530.36	1051
1530.79	1074
1531.21	1068
1531.64	1060
1532.07	1074
1532.5	1069
1532.92	1066
1533.35	1061
1533.78	1063
1534.21	1068
1534.63	1066
1535.06	1070
1535.49	1060
1535.92	1070
1536.34	1066
1536.77	1059
1537.2	1067
1537.62	1079
1538.05	1056
1538.48	1071
1538.91	1066
1539.33	1062
1539.76	1073
1540.19	1070
1540.61	1071
1541.04	1060
1541.47	1062
1541.9	1066
1542.32	1056
1542.75	1079
1543.18	1078
1543.6	1063
1544.03	1057
1544.46	1071
1544.88	1074
1545.31	1073
1545.73	1064
1546.16	1065
1546.59	1064
1547.01	1066
1547.44	1060
1547.87	1064
1548.29	1077
1548.72	1076
1549.15	1066
1549.57	1067
1550	1079
1550.42	1072
1550.85	1068
1551.28	1074
1551.7	1070
1552.13	1066
1552.55	1079
1552.98	1076
1553.41	1058
1553.83	1059
1554.26	1076
1554.69	1076
1555.11	1072
1555.54	1076
1555.96	1071
1556.39	1073
1556.81	1076
1557.24	1078
1557.66	1078
1558.09	1083
1558.52	1077
1558.94	1080
1559.37	1077
1559.79	1077
1560.22	1070
1560.64	1072
1561.07	1082
1561.49	1075
1561.92	1080
1562.34	1080
1562.77	1080
1563.2	1079
1563.62	1080
1564.04	1074
1564.47	1070
1564.9	1076
1565.32	1078
1565.75	1068
1566.17	1084
1566.6	1080
1567.02	1066
1567.44	1072
1567.87	1075
1568.3	1074
1568.72	1082
1569.14	1078
1569.57	1070
1569.99	1071
1570.42	1073
1570.84	1076
1571.27	1068
1571.69	1073
1572.12	1076
1572.54	1078
1572.97	1075
1573.39	1076
1573.82	1086
1574.24	1076
1574.66	1084
1575.09	1072
1575.51	1095
1575.94	1090
1576.36	1081
1576.79	1077
1577.21	1082
1577.63	1091
1578.06	1092
1578.48	1099
1578.91	1080
1579.33	1087
1579.75	1080
1580.18	1090
1580.6	1091
1581.03	1082
1581.45	1094
1581.87	1094
1582.3	1102
1582.72	1086
1583.15	1087
1583.57	1090
1583.99	1094
1584.42	1082
1584.84	1077
1585.26	1085
1585.69	1092
1586.11	1102
1586.53	1092
1586.96	1080
1587.38	1082
1587.8	1087
1588.23	1086
1588.65	1078
1589.07	1078
1589.5	1080
1589.92	1078
1590.34	1088
1590.77	1071
1591.19	1082
1591.61	1072
1592.04	1088
1592.46	1069
1592.88	1081
1593.3	1076
1593.73	1076
1594.15	1079
1594.57	1074
1595	1081
1595.42	1076
1595.84	1077
1596.27	1076
1596.69	1076
1597.11	1071
1597.53	1080
1597.96	1064
1598.38	1074
1598.8	1072
1599.22	1076
1599.65	1066
1600.07	1072
1600.49	1082
1600.91	1071
1601.34	1075
1601.76	1066
1602.18	1074
1602.6	1078
1603.02	1075
1603.45	1064
1603.87	1080
1604.29	1068
1604.71	1062
1605.14	1085
1605.56	1068
1605.98	1064
1606.4	1081
1606.82	1067
1607.25	1075
1607.67	1070
1608.09	1078
1608.51	1078
1608.93	1068
1609.35	1068
1609.78	1081
1610.2	1081
1610.62	1077
1611.04	1075
1611.46	1066
1611.89	1078
1612.31	1074
1612.73	1074
1613.15	1068
1613.57	1067
1613.99	1080
1614.41	1083
1614.83	1070
1615.26	1083
1615.68	1079
1616.1	1087
1616.52	1076
1616.94	1097
1617.36	1087
1617.78	1080
1618.21	1106
1618.63	1084
1619.05	1090
1619.47	1088
1619.89	1078
1620.31	1091
1620.73	1094
1621.15	1106
1621.57	1089
1621.99	1090
1622.41	1104
1622.83	1102
1623.26	1088
1623.68	1094
1624.1	1086
1624.52	1107
1624.94	1096
1625.36	1103
1625.78	1103
1626.2	1096
1626.62	1106
1627.04	1098
1627.46	1098
1627.88	1084
1628.3	1088
1628.72	1097
1629.14	1096
1629.56	1081
1629.98	1080
1630.4	1100
1630.82	1097
1631.24	1088
1631.66	1101
1632.08	1097
1632.5	1082
1632.92	1094
1633.34	1084
1633.76	1082
1634.18	1084
1634.6	1082
1635.02	1082
1635.44	1089
1635.86	1083
1636.28	1080
1636.7	1085
1637.12	1062
1637.54	1074
1637.96	1069
1638.38	1075
1638.8	1082
1639.22	1078
1639.64	1088
1640.06	1070
1640.48	1078
1640.9	1062
1641.32	1081
1641.74	1069
1642.16	1072
1642.57	1081
1642.99	1072
1643.41	1082
1643.83	1078
1644.25	1077
1644.67	1070
1645.09	1073
1645.51	1066
1645.93	1075
1646.35	1062
1646.77	1060
1647.19	1071
1647.6	1074
1648.02	1070
1648.44	1059
1648.86	1071
1649.28	1065
1649.7	1072
1650.12	1055
1650.54	1069
1650.95	1056
1651.37	1063
1651.79	1066
1652.21	1066
1652.63	1060
1653.05	1062
1653.46	1061
1653.88	1061
1654.3	1060
1654.72	1061
1655.14	1062
1655.56	1055
1655.98	1068
1656.39	1064
1656.81	1054
1657.23	1062
1657.65	1063
1658.07	1061
1658.48	1062
1658.9	1052
1659.32	1062
1659.74	1071
1660.16	1056
1660.57	1055
1660.99	1055
1661.41	1064
1661.83	1060
1662.25	1058
1662.66	1067
1663.08	1061
1663.5	1053
1663.92	1057
1664.33	1070
1664.75	1054
1665.17	1063
1665.59	1062
1666.01	1062
1666.42	1064
1666.84	1064
1667.26	1056.01
1667.67	1054.13
1668.09	1058.09
1668.51	1054.26
1668.93	1066
1669.34	1056.54
1669.76	1062.2
1670.18	1054.58
1670.6	1055.33
1671.01	1061.86
1671.43	1059.36
1671.85	1053.37
1672.26	1053.54
1672.68	1054.89
1673.1	1056.48
1673.51	1055.63
1673.93	1056.66
1674.35	1053.01
1674.77	1065.1
1675.18	1054.14
1675.6	1048.45
1676.02	1062.23
1676.43	1054.57
1676.85	1054.84
1677.27	1061.02
1677.68	1060.25
1678.1	1059.68
1678.52	1055.48
1678.93	1055.78
1679.35	1047.87
1679.77	1053.94
1680.18	1060.83
1680.6	1061.17
1681.01	1051.6
1681.43	1059.37
1681.85	1053.01
1682.26	1054.78
1682.68	1054.18
1683.1	1060.26
1683.51	1057.7
1683.93	1057.08
1684.35	1052.87
1684.76	1049.04
1685.18	1053.58
1685.59	1061.93
1686.01	1061.83
1686.43	1056.04
1686.84	1049.36
1687.26	1054.19
1687.67	1058.15
1688.09	1057.96
1688.5	1058.08
1688.92	1050.47
1689.34	1057.59
1689.75	1061.93
1690.17	1056.33
1690.58	1053.25
1691	1058.35
1691.42	1057.44
1691.83	1055.33
1692.24	1053.96
1692.66	1051.95
1693.08	1054.83
1693.49	1056.06
1693.91	1059.68
1694.32	1053.01
1694.74	1055.25
1695.15	1056.05
1695.57	1056.27
1695.98	1056.96
1696.4	1053.87
1696.81	1056.66
1697.23	1053.77
1697.64	1055.17
1698.06	1052.42
1698.48	1053.83
1698.89	1049.79
1699.3	1045.61
1699.72	1056.43
1700.14	1054
1700.55	1048.26
1700.97	1051.2
1701.38	1056.07
1701.79	1050.69
1702.21	1050.46
1702.62	1048.15
1703.04	1052.25
1703.45	1054.45
1703.87	1054.81
1704.28	1055.54
1704.7	1054.93
1705.11	1052.26
1705.53	1054.89
1705.94	1055.61
1706.35	1053.92
1706.77	1064.53
1707.18	1057.62
1707.6	1055.61
1708.01	1057.09
1708.43	1056.05
1708.84	1057.78
1709.24	1038
1709.66	1053
1710.08	1061
1710.5	1055
1710.92	1054
1711.33	1048
1711.75	1049
1712.17	1051
1712.59	1058
1713.01	1052
1713.43	1056
1713.85	1055
1714.27	1055
1714.69	1051
1715.11	1047
1715.53	1048
1715.95	1047
1716.37	1054
1716.78	1060
1717.2	1051
1717.62	1047
1718.04	1042
1718.46	1052
1718.88	1050
1719.3	1052
1719.72	1057
1720.13	1046
1720.55	1065
1720.97	1052
1721.39	1054
1721.81	1060
1722.23	1050
1722.65	1057
1723.06	1058
1723.48	1052
1723.9	1055
1724.32	1050
1724.74	1058
1725.16	1060
1725.57	1051
1725.99	1047
1726.41	1046
1726.83	1064
1727.25	1050
1727.66	1054
1728.08	1054
1728.5	1058
1728.92	1058
1729.34	1058
1729.76	1049
1730.17	1046
1730.59	1060
1731.01	1048
1731.43	1050
1731.85	1046
1732.26	1052
1732.68	1048
1733.1	1055
1733.52	1059
1733.93	1049
1734.35	1055
1734.77	1058
1735.19	1056
1735.6	1059
1736.02	1046
1736.44	1050
1736.86	1044
1737.27	1044
1737.69	1050
1738.11	1054
1738.53	1058
1738.94	1065
1739.36	1056
1739.78	1052
1740.19	1056
1740.61	1040
1741.03	1055
1741.45	1048
1741.86	1048
1742.28	1054
1742.7	1049
1743.11	1056
1743.53	1048
1743.95	1052
1744.37	1034
1744.78	1049
1745.2	1052
1745.62	1053
1746.03	1044
1746.45	1052
1746.87	1059
1747.28	1052
1747.7	1050
1748.12	1053
1748.53	1050
1748.95	1046
1749.37	1050
1749.78	1057
1750.2	1055
1750.62	1042
1751.03	1042
1751.45	1059
1751.86	1058
1752.28	1046
1752.7	1056
1753.11	1044
1753.53	1056
1753.95	1060
1754.36	1056
1754.78	1046
1755.19	1053
1755.61	1056
1756.03	1059
1756.44	1052
1756.86	1048
1757.27	1050
1757.69	1048
1758.11	1051
1758.52	1054
1758.94	1052
1759.35	1050
1759.77	1048
1760.18	1054
1760.6	1062
1761.02	1055
1761.43	1051
1761.85	1050
1762.26	1058
1762.68	1063
1763.1	1053
1763.51	1058
1763.93	1054
1764.34	1058
1764.76	1057
1765.17	1056
1765.59	1040
1766	1059
1766.42	1055
1766.83	1056
1767.25	1045
1767.66	1053
1768.08	1053
1768.49	1050
1768.91	1056
1769.32	1052
1769.74	1053
1770.16	1052
1770.57	1051
1770.98	1060
1771.4	1049
1771.82	1057
1772.23	1054
1772.64	1048
1773.06	1056
1773.47	1050
1773.89	1052
1774.3	1042
1774.72	1058
1775.13	1046
1775.55	1054
1775.96	1055
1776.38	1050
1776.79	1060
1777.21	1060
1777.62	1050
1778.03	1050
1778.45	1051
1778.86	1058
1779.28	1054
1779.69	1060
1780.11	1048
1780.52	1052
1780.94	1056
1781.35	1054
1781.76	1052
1782.18	1056
1782.59	1051
1783.01	1052
1783.42	1044
1783.83	1046
1784.25	1053
1784.66	1052
1785.08	1049
1785.49	1047
1785.9	1052
1786.32	1051
1786.73	1048
1787.14	1049
1787.56	1052
1787.97	1048
1788.39	1063
1788.8	1044
1789.21	1056
1789.63	1056
1790.04	1054
1790.45	1050
1790.87	1068
1791.28	1050
1791.69	1048
1792.11	1056
1792.52	1054
1792.93	1061
1793.35	1050
1793.76	1058
1794.17	1060
1794.59	1055
1795	1053
1795.41	1055
1795.83	1050
1796.24	1054
1796.65	1056
1797.07	1048
1797.48	1054
1797.89	1055
1798.31	1053
1798.72	1057
1799.13	1054
1799.54	1058
1799.96	1056
1800.37	1042
1800.78	1055
1801.19	1052
1801.61	1042
1802.02	1056
1802.43	1053
1802.84	1046
1803.26	1052
1803.67	1057
1804.08	1057
1804.5	1055
1804.91	1048
1805.32	1055
1805.73	1056
1806.15	1058
1806.56	1046
1806.97	1058
1807.38	1052
1807.8	1061
1808.21	1061
1808.62	1052
1809.03	1054
1809.44	1056
1809.86	1058
1810.27	1040
1810.68	1042
1811.09	1058
1811.5	1062
1811.92	1054
1812.33	1052
1812.74	1053
1813.15	1054
1813.56	1040
1813.98	1057
1814.39	1056
1814.8	1049
1815.21	1054
1815.62	1055
1816.03	1059
1816.45	1056
1816.86	1052
1817.27	1045
1817.68	1060
1818.09	1052
1818.5	1051
1818.91	1056
1819.33	1054
1819.74	1046
1820.15	1057
1820.56	1053
1820.97	1055
1821.38	1055
1821.79	1048
1822.21	1058
1822.62	1044
1823.03	1050
1823.44	1050
1823.85	1048
1824.26	1055
1824.67	1050
1825.08	1057
1825.49	1046
1825.9	1052
1826.32	1058
1826.73	1052
1827.14	1054
1827.55	1055
1827.96	1051
1828.37	1052
1828.78	1046
1829.19	1059
1829.6	1053
1830.01	1050
1830.42	1046
1830.83	1055
1831.24	1048
1831.65	1047
1832.06	1054
1832.48	1056
1832.89	1046
1833.3	1060
1833.71	1060
1834.12	1060
1834.53	1056
1834.94	1061
1835.35	1065
1835.76	1054
1836.17	1058
1836.58	1052
1836.99	1046
1837.4	1052
1837.81	1062
1838.22	1054
1838.63	1052
1839.04	1050
1839.45	1055
1839.86	1051
1840.27	1044
1840.68	1052
1841.09	1054
1841.5	1051
1841.91	1049
1842.32	1052
1842.73	1054
1843.14	1049
1843.55	1051
1843.96	1052
1844.36	1048
1844.77	1048
1845.18	1056
1845.59	1052
1846	1053
1846.41	1057
1846.82	1050
1847.23	1053
1847.64	1048
1848.05	1058
1848.46	1054
1848.87	1059
1849.28	1049
1849.69	1052
1850.1	1058
1850.5	1038
1850.91	1058
1851.32	1054
1851.73	1065
1852.14	1042
1852.55	1056
1852.96	1061
1853.37	1054
1853.78	1054
1854.19	1052
1854.59	1062
1855	1050
1855.41	1055
1855.82	1060
1856.23	1050
1856.64	1040
1857.05	1052
1857.46	1061
1857.86	1044
1858.27	1048
1858.68	1050
1859.09	1054
1859.5	1060
1859.91	1058
1860.32	1048
1860.72	1058
1861.13	1048
1861.54	1061
1861.95	1052
1862.36	1056
1862.77	1054
1863.17	1052
1863.58	1050
1863.99	1054
1864.4	1056
1864.81	1038
1865.21	1062
1865.62	1050
1866.03	1034
1866.44	1058
1866.85	1044
1867.25	1056
1867.66	1044
1868.07	1053
1868.48	1052
1868.88	1055
1869.29	1054
1869.7	1044
1870.11	1042
1870.52	1046
1870.92	1047
1871.33	1048
1871.74	1048
1872.15	1055
1872.55	1048
1872.96	1048
1873.37	1057
1873.78	1057
1874.18	1050
1874.59	1056
1875	1046
1875.41	1055
1875.81	1048
1876.22	1044
1876.63	1062
1877.03	1051
1877.44	1042
1877.85	1044
1878.26	1047
1878.66	1060
1879.07	1047
1879.48	1048
1879.88	1054
1880.29	1044
1880.7	1055
1881.1	1060
1881.51	1053
1881.92	1053
1882.32	1055
1882.73	1048
1883.14	1048
1883.54	1047
1883.95	1056
1884.36	1044
1884.77	1045
1885.17	1050
1885.58	1053
1885.98	1055
1886.39	1052
1886.8	1052
1887.2	1050
1887.61	1048
1888.02	1050
1888.42	1054
1888.83	1052
1889.24	1057
1889.64	1060
1890.05	1055
1890.45	1042
1890.86	1055
1891.27	1059
1891.67	1052
1892.08	1058
1892.48	1052
1892.89	1060
1893.3	1048
1893.7	1048
1894.11	1049
1894.51	1062
1894.92	1051
1895.33	1055
1895.73	1053
1896.14	1056
1896.54	1046
1896.95	1052
1897.35	1044
1897.76	1048
1898.17	1049
1898.57	1051
1898.98	1046
1899.38	1048
1899.79	1052
1900.19	1051
1900.6	1058
1901	1052
1901.41	1050
1901.81	1054
1902.22	1059
1902.63	1051
1903.03	1048
1903.44	1059
1903.84	1060
1904.25	1063
1904.65	1055
1905.06	1054
1905.46	1049
1905.87	1059
1906.27	1048
1906.68	1043
1907.08	1054
1907.49	1060
1907.89	1054
1908.3	1050
1908.7	1048
1909.11	1056
1909.51	1044
1909.92	1052
1910.32	1048
1910.72	1053
1911.13	1043
1911.53	1050
1911.94	1052
1912.34	1058
1912.75	1050
1913.15	1053
1913.56	1049
1913.96	1052
1914.37	1059
1914.77	1054
1915.17	1049
1915.58	1040
1915.98	1058
1916.39	1055
1916.79	1048
1917.2	1045
1917.6	1049
1918	1059
1918.41	1048
1918.81	1047
1919.22	1052
1919.62	1051
1920.02	1057
1920.43	1058
1920.83	1044
1921.24	1053
1921.64	1058
1922.04	1048
1922.45	1051
1922.85	1047
1923.26	1052
1923.66	1064
1924.06	1048
1924.47	1051
1924.87	1054
1925.27	1044
1925.68	1051
1926.08	1056
1926.48	1047
1926.89	1054
1927.29	1047
1927.69	1043
1928.1	1060
1928.5	1046
1928.91	1048
1929.31	1052
1929.71	1051
1930.11	1046
1930.52	1062
1930.92	1051
1931.32	1030
1931.73	1059
1932.13	1054
1932.53	1044
1932.94	1052
1933.34	1056
1933.74	1048
1934.15	1054
1934.55	1052
1934.95	1048
1935.35	1054
1935.76	1054
1936.16	1049
1936.56	1046
1936.97	1056
1937.37	1057
1937.77	1048
1938.17	1050
1938.58	1054
1938.98	1048
1939.38	1048
1939.78	1059
1940.19	1040
1940.59	1054
1940.99	1058
1941.39	1058
1941.8	1050
1942.2	1047
1942.6	1052
1943	1054
1943.41	1055
1943.81	1053
1944.21	1059
1944.61	1046
1945.01	1046
1945.42	1044
1945.82	1046
1946.22	1053
1946.62	1050
1947.02	1054
1947.43	1042
1947.83	1056
1948.23	1049
1948.63	1049
1949.03	1056
1949.44	1053
1949.84	1052
1950.24	1046
1950.64	1051
1951.04	1053
1951.44	1058
1951.85	1048
1952.25	1051
1952.65	1050
1953.05	1052
1953.45	1050
1953.85	1053
1954.26	1063
1954.66	1047
1955.06	1055
1955.46	1049
1955.86	1053
1956.26	1050
1956.66	1062
1957.07	1060
1957.47	1058
1957.87	1051
1958.27	1054
1958.67	1057
1959.07	1053
1959.47	1058
1959.87	1042
1960.27	1058
1960.68	1054
1961.08	1052
1961.48	1058
1961.88	1046
1962.28	1049
1962.68	1055
1963.08	1057
1963.48	1042
1963.88	1050
1964.28	1048
1964.68	1054
1965.09	1050
1965.49	1050
1965.89	1052
1966.29	1044
1966.69	1052
1967.09	1044
1967.49	1052
1967.89	1044
1968.29	1052
1968.69	1049
1969.09	1041
1969.49	1053
1969.89	1042
1970.29	1054
1970.69	1048
1971.09	1044
1971.49	1050
1971.89	1044
1972.29	1046
1972.69	1044
1973.09	1056
1973.49	1044
1973.89	1049
1974.29	1060
1974.69	1054
1975.09	1056
1975.49	1048
1975.89	1051
1976.29	1046
1976.69	1052
1977.09	1050
1977.49	1052
1977.89	1038
1978.29	1054
1978.69	1052
1979.09	1046
1979.49	1045
1979.89	1048
1980.29	1049
1980.69	1041
1981.09	1053
1981.49	1050
1981.89	1057
1982.29	1051
1982.69	1055
1983.08	1051
1983.48	1052
1983.88	1055
1984.28	1050
1984.68	1057
1985.08	1046
1985.48	1055
1985.88	1058
1986.28	1057
1986.68	1049
1987.08	1056
1987.47	1044
1987.87	1042
1988.27	1048
1988.67	1050
1989.07	1054
1989.47	1044
1989.87	1042
1990.27	1051
1990.67	1056
1991.06	1050
1991.46	1047
1991.86	1054
1992.26	1042
1992.66	1058
1993.06	1058
1993.46	1054
1993.86	1055
1994.25	1044
1994.65	1049
1995.05	1053
1995.45	1050
1995.85	1044
1996.25	1044
1996.64	1044
1997.04	1054
1997.44	1050
1997.84	1049
1998.24	1044
1998.64	1053
1999.03	1056
1999.43	1050
1999.83	1051
