400.412	1088
400.915	1094
401.417	1101
401.92	1096
402.421	1090
402.925	1096
403.426	1092
403.93	1094
404.431	1101
404.934	1092
405.435	1102
405.939	1095
406.44	1094
406.941	1078
407.444	1092
407.945	1086
408.448	1088
408.949	1086
409.453	1077
409.954	1071
410.454	1064
410.957	1077
411.458	1066
411.959	1069
412.462	1064
412.963	1080
413.466	1068
413.967	1062
414.467	1068
414.97	1066
415.471	1074
415.971	1071
416.474	1076
416.975	1062
417.475	1064
417.978	1052
418.478	1062
418.979	1069
419.481	1052
419.982	1074
420.482	1077
420.983	1064
421.485	1071
421.985	1064
422.486	1066
422.988	1064
423.488	1072
423.988	1074
424.489	1048
424.991	1065
425.491	1061
425.991	1060
426.491	1062
426.991	1076
427.493	1062
427.993	1077
428.493	1062
428.993	1069
429.495	1066
429.995	1064
430.495	1078
430.995	1064
431.495	1066
431.994	1061
432.496	1063
432.996	1068
433.496	1069
433.995	1062
434.495	1069
434.995	1077
435.494	1078
435.996	1076
436.495	1078
436.995	1068
437.494	1082
437.994	1080
438.493	1074
438.993	1077
439.492	1087
439.991	1092
440.493	1090
440.992	1096
441.491	1091
441.99	1092
442.49	1099
442.989	1090
443.488	1088
443.987	1092
444.486	1104
444.985	1098
445.484	1094
445.983	1082
446.482	1092
446.981	1095
447.48	1102
447.979	1082
448.478	1090
448.977	1097
449.476	1099
449.974	1102
450.473	1098
450.972	1106
451.471	1111
451.969	1105
452.468	1114
452.967	1126
453.465	1121
453.964	1123
454.462	1131
454.961	1140
455.457	1140
455.956	1143
456.454	1156
456.953	1165
457.451	1161
457.95	1164
458.448	1152
458.946	1173
459.445	1154
459.943	1160
460.439	1154
460.937	1150
461.435	1147
461.933	1146
462.432	1123
462.93	1114
463.428	1130
463.924	1126
464.422	1100
464.92	1117
465.418	1110
465.916	1089
466.412	1102
466.909	1093
467.407	1081
467.905	1078
468.403	1078
468.899	1085
469.396	1094
469.894	1078
470.392	1087
470.887	1086
471.385	1079
471.883	1080
472.38	1104
472.876	1180
473.373	1370
473.871	1525
474.368	1686
474.864	1795
475.361	1810
475.858	1735
476.354	1588
476.851	1434
477.348	1252
477.844	1118
478.341	1072
478.838	1082
479.333	1068
479.831	1073
480.328	1074
480.823	1071
481.32	1071
481.817	1063
482.312	1070
482.809	1060
483.306	1073
483.801	1066
484.298	1060
484.793	1069
485.289	1068
485.786	1073
486.281	1068
486.778	1071
487.273	1071
487.769	1071
488.266	1078
488.761	1068
489.257	1060
489.752	1064
490.249	1072
490.743	1074
491.24	1080
491.734	1068
492.231	1070
492.725	1069
493.222	1074
493.716	1064
494.212	1066
494.707	1072
495.203	1076
495.697	1071
496.194	1068
496.688	1060
497.184	1080
497.678	1076
498.174	1076
498.669	1062
499.165	1068
499.659	1069
500.155	1070
500.649	1066
501.143	1086
501.639	1065
502.133	1070
502.629	1073
503.123	1064
503.618	1056
504.112	1068
504.606	1078
505.102	1083
505.596	1072
506.089	1078
506.585	1072
507.079	1070
507.574	1066
508.068	1070
508.562	1069
509.057	1068
509.551	1070
510.044	1077
510.54	1072
511.033	1070
511.527	1071
512.022	1074
512.515	1068
513.009	1060
513.502	1076
513.997	1072
514.491	1075
514.984	1072
515.479	1062
515.972	1064
516.465	1058
516.959	1078
517.454	1081
517.947	1066
518.44	1072
518.933	1084
519.428	1072
519.921	1070
520.414	1082
520.907	1080
521.4	1074
521.894	1079
522.387	1082
522.88	1074
523.373	1076
523.866	1090
524.36	1080
524.853	1090
525.346	1086
525.838	1096
526.331	1097
526.824	1102
527.318	1104
527.811	1118
528.303	1103
528.796	1110
529.288	1115
529.781	1110
530.273	1130
530.765	1132
531.258	1153
531.752	1170
532.245	1180
532.737	1187
533.229	1184
533.721	1198
534.213	1211
534.706	1200
535.198	1211
535.69	1200
536.182	1214
536.674	1192
537.166	1178
537.658	1170
538.15	1168
538.642	1155
539.134	1166
539.626	1144
540.118	1140
540.61	1143
541.101	1124
541.593	1116
542.085	1106
542.577	1110
543.068	1100
543.56	1104
544.052	1097
544.543	1088
545.035	1091
545.527	1080
546.018	1090
546.51	1088
547.001	1082
547.493	1078
547.984	1070
548.474	1076
548.965	1083
549.456	1070
549.948	1082
550.439	1075
550.93	1058
551.422	1070
551.913	1068
552.404	1064
552.893	1073
553.384	1072
553.875	1063
554.367	1069
554.858	1058
555.349	1074
555.838	1070
556.329	1068
556.82	1063
557.311	1070
557.802	1084
558.292	1071
558.781	1068
559.272	1053
559.763	1057
560.254	1063
560.742	1058
561.233	1066
561.724	1064
562.215	1065
562.703	1068
563.194	1072
563.685	1069
564.175	1060
564.664	1062
565.154	1064
565.645	1048
566.135	1080
566.624	1069
567.114	1065
567.604	1069
568.093	1068
568.583	1058
569.073	1066
569.562	1058
570.052	1067
570.542	1051
571.03	1056
571.521	1054
572.011	1057
572.499	1058
572.989	1060
573.479	1056
573.967	1066
574.457	1065
574.945	1050
575.435	1064
575.925	1060
576.413	1064
576.903	1061
577.391	1064
577.88	1057
578.37	1062
578.858	1066
579.348	1073
579.835	1060
580.325	1063
580.813	1065
581.302	1054
581.79	1054
582.28	1061
582.767	1064
583.257	1047
583.746	1062
584.234	1062
584.723	1061
585.211	1058
585.7	1050
586.188	1057
586.675	1063
587.164	1054
587.651	1062
588.141	1065
588.628	1053
589.117	1058
589.604	1068
590.094	1055
590.581	1062
591.07	1066
591.557	1068
592.044	1063
592.533	1056
593.02	1060
593.509	1068
593.996	1058
594.483	1057
594.972	1064
595.459	1062
595.948	1056
596.435	1056
596.921	1073
597.41	1057
597.897	1046
598.384	1062
598.872	1066
599.359	1064
599.846	1046
600.334	1060
600.821	1058
601.307	1060
601.796	1070
602.282	1060
602.769	1055
603.257	1056
603.744	1052
604.23	1052
604.717	1046
605.205	1064
605.691	1060
606.178	1046
606.664	1050
607.152	1063
607.638	1058
608.125	1058
608.611	1056
609.099	1069
609.585	1063
610.071	1062
610.557	1070
611.043	1059
611.531	1058
612.017	1065
612.503	1064
612.989	1060
613.475	1063
613.963	1069
614.449	1064
614.935	1058
615.421	1054
615.906	1058
616.392	1058
616.878	1057
617.366	1055
617.851	1062
618.337	1059
618.823	1066
619.308	1056
619.794	1058
620.279	1050
620.765	1056
621.25	1058
621.736	1053
622.223	1059
622.709	1066
623.194	1054
623.679	1062
624.165	1058
624.65	1052
625.135	1065
625.621	1064
626.106	1062
626.591	1069
627.076	1065
627.561	1075
628.047	1070
628.532	1063
629.017	1054
629.502	1058
629.987	1066
630.472	1063
630.957	1062
631.442	1059
631.927	1069
632.412	1055
632.896	1054
633.381	1068
633.866	1067
634.351	1060
634.836	1056
635.318	1063
635.803	1056
636.288	1077
636.773	1068
637.257	1058
637.742	1065
638.226	1064
638.711	1062
639.196	1061
639.68	1055
640.163	1070
640.647	1068
641.131	1066
641.616	1069
642.1	1063
642.585	1058
643.067	1067
643.551	1066
644.035	1064
644.52	1062
645.004	1061
645.488	1067
645.97	1066
646.455	1067
646.939	1067
647.423	1075
647.907	1067
648.389	1065
648.873	1060
649.357	1061
649.841	1067
650.323	1063
650.807	1066
651.291	1060
651.774	1049
652.256	1068
652.74	1062
653.224	1060
653.706	1070
654.189	1073
654.673	1068
655.157	1064
655.638	1060
656.122	1074
656.606	1061
657.087	1072
657.571	1068
658.054	1078
658.536	1062
659.019	1067
659.501	1072
659.984	1067
660.468	1072
660.949	1060
661.432	1078
661.916	1074
662.397	1068
662.88	1081
663.362	1074
663.845	1082
664.328	1078
664.809	1081
665.292	1082
665.773	1108
666.256	1107
666.738	1097
667.221	1109
667.704	1108
668.185	1108
668.668	1119
669.148	1112
669.631	1116
670.112	1120
670.595	1114
671.076	1117
671.559	1128
672.04	1100
672.522	1112
673.003	1106
673.486	1108
673.966	1103
674.449	1098
674.93	1090
675.412	1094
675.893	1085
676.374	1083
676.856	1094
677.337	1084
677.819	1072
678.299	1076
678.782	1072
679.262	1068
679.743	1054
680.225	1082
680.705	1064
681.188	1063
681.668	1056
682.148	1064
682.63	1064
683.111	1056
683.591	1064
684.073	1070
684.553	1062
685.033	1056
685.515	1068
685.995	1069
686.475	1064
686.957	1060
687.437	1064
687.917	1057
688.399	1058
688.879	1056
689.359	1066
689.841	1061
690.32	1063
690.8	1056
691.28	1055
691.762	1068
692.242	1064
692.721	1064
693.201	1054
693.682	1059
694.162	1065
694.642	1060
695.121	1052
695.603	1056
696.082	1062
696.562	1058
697.041	1050
697.521	1061
698.002	1062
698.481	1058
698.961	1062
699.44	1070
699.919	1064
700.399	1062
700.88	1064
701.359	1070
701.838	1060
702.318	1060
702.797	1070
703.276	1064
703.755	1055
704.236	1062
704.715	1064
705.194	1057
705.673	1067
706.152	1065
706.631	1056
707.11	1065
707.589	1062
708.068	1060
708.547	1065
709.025	1062
709.504	1062
709.983	1069
710.462	1057
710.942	1064
711.421	1069
711.9	1066
712.378	1060
712.857	1062
713.336	1070
713.814	1064
714.293	1063
714.771	1059
715.25	1069
715.728	1058
716.207	1055
716.685	1067
717.161	1061
717.64	1058
718.118	1063
718.597	1058
719.075	1061
719.553	1066
720.031	1062
720.51	1057
720.988	1066
721.466	1072
721.944	1055
722.422	1060
722.9	1054
723.376	1069
723.854	1063
724.332	1060
724.81	1054
725.288	1052
725.766	1059
726.244	1064
726.72	1062
727.198	1062
727.676	1055
728.154	1074
728.631	1066
729.109	1068
729.585	1056
730.063	1061
730.54	1068
731.018	1060
731.496	1056
731.971	1058
732.449	1067
732.926	1067
733.404	1058
733.879	1063
734.357	1060
734.834	1060
735.312	1069
735.787	1058
736.265	1068
736.742	1073
737.219	1056
737.695	1072
738.172	1046
738.649	1068
739.124	1042
739.602	1066
740.079	1061
740.556	1063
741.031	1064
741.508	1070
741.985	1050
742.46	1060
742.937	1053
743.412	1075
743.889	1063
744.366	1054
744.841	1059
745.318	1067
745.795	1071
746.27	1062
746.747	1058
747.221	1052
747.698	1068
748.175	1061
748.65	1050
749.126	1065
749.601	1065
750.078	1063
750.552	1068
751.029	1068
751.506	1054
751.98	1056
752.457	1061
752.931	1074
753.408	1063
753.882	1058
754.359	1067
754.833	1063
755.309	1062
755.784	1067
756.26	1064
756.734	1058
757.211	1066
757.685	1061
758.161	1064
758.635	1054
759.109	1073
759.586	1064
760.06	1059
760.536	1068
761.01	1057
761.486	1070
761.96	1066
762.434	1062
762.91	1076
763.384	1061
763.86	1066
764.334	1068
764.808	1066
765.284	1069
765.757	1075
766.233	1075
766.707	1075
767.181	1064
767.656	1068
768.13	1073
768.604	1067
769.08	1066
769.553	1068
770.027	1084
770.502	1082
770.976	1075
771.45	1087
771.925	1076
772.398	1086
772.872	1078
773.345	1086
773.821	1080
774.294	1098
774.768	1095
775.241	1088
775.716	1088
776.19	1086
776.663	1094
777.136	1096
777.611	1100
778.084	1083
778.558	1090
779.031	1081
779.504	1078
779.979	1085
780.452	1068
780.925	1082
781.398	1074
781.871	1082
782.346	1075
782.819	1070
783.292	1069
783.765	1068
784.238	1070
784.71	1064
785.183	1064
785.658	1065
786.131	1067
786.604	1071
787.076	1060
787.549	1065
788.022	1063
788.494	1074
788.967	1062
789.439	1062
789.912	1075
790.387	1069
790.859	1060
791.332	1066
791.804	1058
792.276	1052
792.749	1067
793.221	1060
793.694	1073
794.166	1070
794.638	1060
795.111	1074
795.583	1064
796.055	1070
796.527	1050
797	1058
797.472	1062
797.944	1071
798.416	1062
798.888	1065
799.36	1062
799.832	1058
800.304	1064
800.776	1073
801.248	1060
801.718	1058
802.19	1075
802.662	1065
803.134	1070
803.606	1067
804.078	1074
804.549	1055
805.021	1066
805.493	1066
805.965	1064
806.434	1074
806.906	1064
807.378	1070
807.849	1069
808.321	1067
808.793	1064
809.264	1060
809.734	1070
810.205	1062
810.677	1067
811.148	1060
811.62	1066
812.089	1071
812.56	1072
813.032	1060
813.503	1064
813.974	1066
814.444	1067
814.915	1066
815.386	1070
815.857	1068
816.327	1071
816.798	1062
817.269	1076
817.74	1064
818.209	1065
818.68	1068
819.151	1073
819.62	1066
820.091	1063
820.562	1064
821.031	1062
821.502	1067
821.973	1066
822.442	1072
822.913	1072
823.384	1078
823.852	1068
824.323	1078
824.794	1068
825.263	1082
825.733	1087
826.204	1080
826.673	1076
827.143	1072
827.612	1082
828.082	1080
828.553	1085
829.022	1087
829.492	1106
829.961	1100
830.431	1116
830.901	1100
831.37	1110
831.84	1125
832.309	1116
832.779	1138
833.247	1152
833.718	1182
834.186	1198
834.656	1219
835.124	1243
835.594	1263
836.063	1283
836.533	1274
837.001	1274
837.471	1253
837.939	1235
838.409	1222
838.877	1188
839.347	1178
839.815	1140
840.285	1150
840.753	1136
841.221	1146
841.691	1120
842.159	1144
842.628	1149
843.096	1149
843.566	1140
844.034	1156
844.501	1183
844.971	1183
845.439	1200
845.907	1220
846.376	1238.86
846.844	1227.78
847.313	1231.91
847.781	1249.68
848.248	1251.05
848.718	1232.87
849.185	1223.78
849.653	1225.76
850.122	1188.75
850.59	1189.51
851.057	1163.73
851.525	1160.18
851.994	1130.9
852.461	1126.21
852.928	1126.96
853.398	1096.65
853.865	1121.84
854.332	1104.92
854.799	1097.16
855.269	1091.42
855.736	1091.19
856.203	1094.01
856.67	1091.69
857.139	1089.91
857.606	1081.58
858.073	1083.48
858.54	1084.64
859.009	1083.99
859.476	1087.94
859.943	1077.91
860.41	1074.12
860.877	1076.07
861.344	1082.04
861.812	1074.15
862.279	1069.02
862.746	1074.07
863.213	1063.36
863.68	1070.44
864.146	1075.84
864.615	1065.59
865.082	1073.71
865.548	1068.41
866.015	1061.97
866.481	1074.52
866.948	1059.73
867.415	1068.74
867.881	1066.67
868.348	1065.9
868.814	1056.45
869.283	1069.46
869.749	1069.02
870.215	1067.39
870.682	1069.3
871.148	1063.84
871.614	1068.43
872.081	1059.9
872.547	1069.03
873.013	1068.7
873.479	1057.89
873.946	1060.65
874.412	1058.85
874.878	1060.17
875.344	1062.96
875.81	1067.39
876.276	1065.61
876.742	1056.33
877.208	1060.22
877.674	1062.06
878.141	1060.69
878.606	1061.71
879.072	1061.65
879.538	1063.47
880.004	1065.88
880.47	1065.6
880.936	1067.05
881.4	1060.21
881.866	1053.85
882.331	1060.55
882.797	1064.15
883.263	1062.48
883.729	1060.39
884.194	1059.28
884.66	1061.35
885.125	1058.2
885.589	1056.78
886.055	1064.28
886.52	1060.48
886.986	1055.56
887.451	1057.97
887.917	1063.03
888.382	1068.01
888.846	1063.66
889.311	1059.73
889.777	1061.68
890.242	1057.68
890.707	1056.66
891.171	1058.69
891.636	1062.25
892.101	1065.9
892.566	1065.15
893.032	1068.61
893.307	1068
893.778	1050
894.247	1064
894.718	1061
895.187	1068
895.658	1062
896.127	1065
896.598	1069
897.067	1066
897.538	1062
898.009	1067
898.478	1054
898.948	1070
899.417	1066
899.888	1068
900.357	1064
900.827	1061
901.296	1070
901.767	1069
902.235	1060
902.704	1060
903.174	1072
903.643	1067
904.113	1066
904.582	1065
905.052	1076
905.521	1060
905.991	1064
906.46	1072
906.928	1071
907.398	1064
907.867	1083
908.337	1076
908.805	1072
909.276	1082
909.744	1072
910.212	1082
910.682	1080
911.15	1075
911.618	1087
912.089	1087
912.557	1074
913.025	1091
913.495	1088
913.963	1090
914.431	1112
914.901	1114
915.369	1118
915.837	1132
916.306	1113
916.774	1135
917.242	1141
917.712	1125
918.18	1128
918.648	1132
919.117	1146
919.585	1130
920.053	1146
920.52	1134
920.99	1146
921.458	1155
921.925	1159
922.393	1154
922.862	1160
923.33	1168
923.797	1178
924.265	1170
924.732	1179
925.202	1183
925.669	1156
926.137	1152
926.604	1154
927.071	1160
927.541	1128
928.008	1120
928.475	1109
928.942	1111
929.41	1105
929.877	1113
930.346	1084
930.813	1094
931.28	1089
931.747	1089
932.214	1086
932.681	1068
933.148	1084
933.615	1089
934.084	1081
934.551	1060
935.018	1075
935.485	1083
935.952	1080
936.419	1074
936.886	1090
937.352	1078
937.819	1071
938.286	1063
938.753	1088
939.219	1081
939.686	1087
940.153	1090
940.619	1093
941.086	1074
941.553	1098
942.019	1098
942.486	1102
942.952	1108
943.419	1128
943.885	1100
944.352	1124
944.818	1123
945.284	1117
945.751	1121
946.217	1122
946.683	1127
947.15	1127
947.616	1116
948.082	1117
948.549	1115
949.015	1109
949.481	1096
949.947	1072
950.413	1088
950.879	1080
951.345	1086
951.809	1078
952.275	1078
952.741	1074
953.207	1072
953.673	1076
954.139	1070
954.605	1065
955.071	1068
955.535	1077
956.001	1073
956.467	1069
956.932	1078
957.398	1068
957.864	1068
958.328	1075
958.793	1073
959.259	1073
959.725	1079
960.19	1092
960.654	1102
961.12	1096
961.585	1094
962.051	1111
962.516	1103
962.98	1101
963.445	1103
963.91	1104
964.376	1122
964.839	1118
965.305	1109
965.77	1092
966.233	1098
966.699	1089
967.164	1078
967.629	1077
968.092	1076
968.557	1080
969.023	1065
969.486	1061
969.951	1070
970.416	1069
970.879	1074
971.344	1054
971.809	1060
972.272	1069
972.737	1066
973.202	1058
973.665	1067
974.13	1064
974.595	1064
975.058	1064
975.522	1065
975.985	1066
976.45	1070
976.915	1056
977.378	1072
977.842	1062
978.305	1062
978.77	1064
979.232	1070
979.697	1052
980.161	1062
980.624	1071
981.089	1075
981.551	1054
982.016	1062
982.478	1064
982.943	1067
983.405	1058
983.869	1066
984.332	1062
984.796	1060
985.259	1070
985.723	1060
986.185	1052
986.649	1054
987.112	1060
987.576	1068
988.038	1066
988.502	1059
988.964	1067
989.428	1072
989.891	1066
990.353	1065
990.817	1066
991.279	1066
991.743	1050
992.205	1066
992.669	1059
993.131	1061
993.593	1072
994.056	1065
994.518	1064
994.98	1070
995.444	1054
995.906	1067
996.369	1065
996.831	1067
997.293	1068
997.757	1070
998.218	1074
998.68	1079
999.144	1080
999.605	1076
1000.07	1072
1000.53	1076
1000.99	1079
1001.45	1079
1001.91	1074
1002.38	1084
1002.84	1076
1003.3	1087
1003.76	1076
1004.23	1074
1004.69	1085
1005.15	1074
1005.61	1058
1006.07	1079
1006.53	1074
1007	1086
1007.46	1076
1007.92	1076
1008.38	1074
1008.84	1081
1009.3	1079
1009.77	1064
1010.23	1061
1010.69	1075
1011.15	1072
1011.61	1074
1012.07	1067
1012.53	1058
1013	1054
1013.46	1064
1013.92	1060
1014.38	1073
1014.84	1063
1015.3	1060
1015.76	1073
1016.22	1067
1016.68	1065
1017.14	1065
1017.61	1071
1018.07	1070
1018.53	1069
1018.99	1062
1019.45	1069
1019.91	1066
1020.37	1061
1020.83	1064
1021.29	1068
1021.75	1062
1022.21	1076
1022.67	1058
1023.13	1062
1023.59	1071
1024.05	1079
1024.51	1076
1024.97	1064
1025.44	1072
1025.9	1064
1026.36	1074
1026.82	1072
1027.28	1075
1027.74	1081
1028.2	1072
1028.66	1083
1029.12	1077
1029.58	1072
1030.04	1088
1030.5	1085
1030.96	1079
1031.42	1078
1031.88	1083
1032.34	1079
1032.79	1077
1033.25	1074
1033.71	1072
1034.17	1069
1034.63	1075
1035.09	1075
1035.55	1080
1036.01	1078
1036.47	1064
1036.93	1064
1037.39	1068
1037.85	1071
1038.31	1066
1038.77	1065
1039.23	1064
1039.69	1068
1040.15	1071
1040.61	1066
1041.06	1058
1041.52	1058
1041.98	1070
1042.44	1062
1042.9	1066
1043.36	1064
1043.82	1068
1044.28	1067
1044.74	1062
1045.2	1066
1045.65	1058
1046.11	1062
1046.57	1070
1047.03	1057
1047.49	1068
1047.95	1065
1048.41	1070
1048.86	1062
1049.32	1074
1049.78	1059
1050.24	1072
1050.7	1066
1051.16	1062
1051.61	1067
1052.07	1065
1052.53	1050
1052.99	1060
1053.45	1058
1053.91	1065
1054.36	1060
1054.82	1064
1055.28	1071
1055.74	1056
1056.2	1070
1056.65	1060
1057.11	1067
1057.57	1066
1058.03	1048
1058.49	1065
1058.94	1058
1059.4	1069
1059.86	1067
1060.32	1063
1060.77	1055
1061.23	1060
1061.69	1059
1062.15	1074
1062.6	1066
1063.06	1066
1063.52	1056
1063.98	1064
1064.43	1070
1064.89	1066
1065.35	1067
1065.81	1067
1066.26	1060
1066.72	1070
1067.18	1071
1067.64	1074
1068.09	1074
1068.55	1074
1069.01	1067
1069.46	1069
1069.92	1072
1070.38	1070
1070.83	1078
1071.29	1086
1071.75	1080
1072.2	1081
1072.66	1076
1073.12	1084
1073.57	1086
1074.03	1078
1074.49	1094
1074.94	1090
1075.4	1090
1075.86	1096
1076.31	1090
1076.77	1101
1077.23	1093
1077.68	1107
1078.14	1106
1078.6	1108
1079.05	1110
1079.51	1099
1079.96	1116
1080.42	1100
1080.88	1116
1081.33	1116
1081.79	1122
1082.24	1122
1082.7	1130
1083.16	1119
1083.61	1121
1084.07	1118
1084.52	1123
1084.98	1127
1085.44	1112
1085.89	1111
1086.35	1094
1086.8	1103
1087.26	1104
1087.71	1098
1088.17	1088
1088.63	1085
1089.08	1096
1089.54	1083
1089.99	1082
1090.45	1079
1090.9	1078
1091.36	1076
1091.81	1066
1092.27	1071
1092.72	1064
1093.18	1072
1093.63	1070
1094.09	1071
1094.54	1072
1095	1081
1095.45	1072
1095.91	1069
1096.36	1071
1096.82	1066
1097.27	1073
1097.73	1058
1098.18	1066
1098.64	1064
1099.09	1062
1099.55	1072
1100	1070
1100.46	1068
1100.91	1046
1101.37	1054
1101.82	1082
1102.27	1065
1102.73	1058
1103.18	1066
1103.64	1054
1104.09	1065
1104.55	1058
1105	1064
1105.46	1068
1105.91	1056
1106.36	1076
1106.82	1071
1107.27	1063
1107.73	1062
1108.18	1070
1108.63	1062
1109.09	1070
1109.54	1068
1110	1069
1110.45	1077
1110.9	1072
1111.36	1068
1111.81	1068
1112.26	1076
1112.72	1074
1113.17	1068
1113.63	1066
1114.08	1068
1114.53	1065
1114.99	1073
1115.44	1068
1115.89	1068
1116.35	1060
1116.8	1050
1117.25	1065
1117.71	1072
1118.16	1070
1118.61	1077
1119.07	1080
1119.52	1082
1119.97	1078
1120.43	1070
1120.88	1080
1121.33	1076
1121.79	1068
1122.24	1082
1122.69	1095
1123.14	1087
1123.6	1092
1124.05	1084
1124.5	1100
1124.96	1094
1125.41	1101
1125.86	1103
1126.31	1100
1126.77	1112
1127.22	1104
1127.67	1115
1128.12	1128
1128.58	1123
1129.03	1123
1129.48	1126
1129.93	1145
1130.39	1137
1130.84	1136
1131.29	1136
1131.74	1140
1132.19	1127
1132.65	1111
1133.1	1119
1133.55	1119
1134	1116
1134.46	1100
1134.91	1101
1135.36	1096
1135.81	1093
1136.26	1095
1136.72	1089
1137.17	1096
1137.62	1084
1138.07	1072
1138.52	1075
1138.98	1080
1139.43	1087
1139.88	1071
1140.33	1074
1140.78	1076
1141.23	1077
1141.68	1080
1142.14	1078
1142.59	1082
1143.04	1088
1143.49	1081
1143.94	1080
1144.39	1072
1144.84	1086
1145.3	1072
1145.75	1075
1146.2	1079
1146.65	1081
1147.1	1083
1147.55	1080
1148	1074
1148.45	1072
1148.9	1078
1149.35	1069
1149.81	1078
1150.26	1074
1150.71	1068
1151.16	1068
1151.61	1060
1152.06	1074
1152.51	1066
1152.96	1078
1153.41	1070
1153.86	1081
1154.31	1082
1154.76	1069
1155.21	1068
1155.66	1067
1156.11	1077
1156.57	1068
1157.02	1066
1157.47	1065
1157.92	1066
1158.37	1068
1158.82	1070
1159.27	1075
1159.72	1073
1160.17	1061
1160.62	1069
1161.07	1056
1161.52	1058
1161.97	1062
1162.42	1073
1162.87	1064
1163.32	1064
1163.77	1075
1164.22	1067
1164.67	1064
1165.12	1074
1165.57	1082
1166.02	1066
1166.47	1082
1166.91	1066
1167.37	1085
1167.81	1070
1168.26	1080
1168.71	1077
1169.16	1087
1169.61	1088
1170.06	1086
1170.51	1088
1170.96	1085
1171.41	1087
1171.86	1092
1172.31	1101
1172.76	1104
1173.21	1108
1173.66	1100
1174.1	1098
1174.55	1100
1175	1112
1175.45	1109
1175.9	1108
1176.35	1114
1176.8	1112
1177.25	1114
1177.7	1109
1178.14	1119
1178.59	1108
1179.04	1098
1179.49	1095
1179.94	1105
1180.39	1106
1180.84	1104
1181.28	1109
1181.73	1108
1182.18	1113
1182.63	1110
1183.08	1126
1183.53	1122
1183.97	1115
1184.42	1121
1184.87	1133
1185.32	1127
1185.77	1129
1186.22	1135
1186.66	1152
1187.11	1122
1187.56	1134
1188.01	1133
1188.46	1136
1188.9	1137
1189.35	1130
1189.8	1130
1190.25	1113
1190.69	1107
1191.14	1106
1191.59	1106
1192.04	1097
1192.49	1080
1192.93	1083
1193.38	1082
1193.83	1072
1194.28	1086
1194.72	1070
1195.17	1079
1195.62	1078
1196.07	1079
1196.51	1074
1196.96	1070
1197.41	1072
1197.86	1077
1198.3	1079
1198.75	1072
1199.2	1074
1199.64	1067
1200.09	1076
1200.54	1067
1200.99	1067
1201.43	1073
1201.88	1060
1202.33	1065
1202.77	1071
1203.22	1070
1203.67	1066
1204.11	1063
1204.56	1069
1205.01	1070
1205.45	1070
1205.9	1065
1206.35	1060
1206.79	1066
1207.24	1065
1207.69	1069
1208.13	1061
1208.58	1060
1209.03	1062
1209.47	1069
1209.92	1060
1210.36	1064
1210.81	1064
1211.26	1058
1211.7	1054
1212.15	1066
1212.6	1064
1213.04	1058
1213.49	1075
1213.93	1076
1214.38	1058
1214.83	1062
1215.27	1066
1215.72	1070
1216.16	1054
1216.61	1062
1217.05	1065
1217.5	1068
1217.95	1059
1218.39	1066
1218.84	1051
1219.28	1070
1219.73	1067
1220.17	1064
1220.62	1067
1221.07	1059
1221.51	1069
1221.96	1068
1222.4	1067
1222.85	1057
1223.29	1065
1223.74	1062
1224.18	1066
1224.63	1066
1225.07	1056
1225.52	1070
1225.96	1065
1226.41	1064
1226.85	1074
1227.3	1060
1227.74	1061
1228.19	1067
1228.63	1070
1229.08	1062
1229.52	1058
1229.97	1059
1230.41	1066
1230.86	1066
1231.3	1070
1231.75	1066
1232.19	1067
1232.64	1068
1233.08	1072
1233.53	1068
1233.97	1070
1234.41	1077
1234.86	1066
1235.3	1074
1235.75	1064
1236.19	1067
1236.64	1070
1237.08	1068
1237.53	1076
1237.97	1088
1238.41	1083
1238.86	1076
1239.3	1098
1239.75	1087
1240.19	1080
1240.63	1078
1241.08	1075
1241.52	1085
1241.97	1078
1242.41	1070
1242.85	1069
1243.3	1076
1243.74	1064
1244.19	1070
1244.63	1072
1245.07	1076
1245.52	1070
1245.96	1065
1246.4	1064
1246.85	1069
1247.29	1061
1247.73	1068
1248.18	1068
1248.62	1068
1249.06	1064
1249.51	1048
1249.95	1054
1250.39	1061
1250.84	1070
1251.28	1057
1251.72	1069
1252.17	1062
1252.61	1064
1253.05	1060
1253.5	1062
1253.94	1060
1254.38	1058
1254.83	1060
1255.27	1060
1255.71	1050
1256.15	1055
1256.6	1056
1257.04	1060
1257.48	1056
1257.92	1059
1258.37	1073
1258.81	1058
1259.25	1062
1259.7	1056
1260.14	1063
1260.58	1065
1261.02	1055
1261.47	1056
1261.91	1057
1262.35	1061
1262.79	1058
1263.24	1063
1263.68	1058
1264.12	1063
1264.56	1056
1265	1066
1265.44	1069
1265.89	1063
1266.33	1066
1266.77	1064
1267.21	1057
1267.66	1063
1268.1	1052
1268.54	1056
1268.98	1057.97
1269.42	1062.04
1269.86	1058.07
1270.31	1061.84
1270.75	1057.9
1271.19	1075.16
1271.63	1058.32
1272.07	1060.51
1272.52	1055.31
1272.96	1053.44
1273.4	1058.23
1273.84	1061.79
1274.28	1057.13
1274.72	1067.48
1275.16	1066.85
1275.6	1070.61
1276.05	1059.19
1276.49	1070.19
1276.93	1059.62
1277.37	1055.34
1277.81	1057.73
1278.25	1062.73
1278.69	1051.42
1279.13	1058.32
1279.58	1063.73
1280.02	1065.45
1280.46	1053.18
1280.9	1063.68
1281.34	1063.72
1281.78	1063.61
1282.22	1056.42
1282.66	1061.55
1283.1	1055.63
1283.54	1062.77
1283.98	1069.1
1284.42	1059.95
1284.87	1068.03
1285.31	1073.65
1285.75	1067.09
1286.19	1057.66
1286.63	1068.94
1287.07	1065.6
1287.51	1066.94
1287.95	1071.38
1288.39	1062.96
1288.83	1065.5
1289.27	1068.86
1289.71	1069.01
1290.15	1066.61
1290.59	1072.77
1291.03	1073.34
1291.47	1075.13
1291.91	1079.23
1292.35	1076.9
1292.79	1072.84
1293.23	1083.74
1293.67	1084.3
1294.11	1087.63
1294.55	1089.6
1294.99	1095.3
1295.43	1102.55
1295.87	1105.92
1296.31	1109.26
1296.75	1109.66
1297.19	1110.31
1297.63	1109.6
1298.07	1108.18
1298.51	1103.84
1298.95	1101.86
1299.39	1096.69
1299.83	1101.23
1300.27	1093.93
1300.71	1097.01
1301.15	1085.85
1301.59	1083.06
1302.02	1082.29
1302.46	1077.83
1302.9	1074.76
1303.34	1078.94
1303.78	1082.63
1304.22	1076.07
1304.66	1077.63
1305.1	1071.52
1305.54	1075.03
1305.98	1077.89
1306.42	1072.57
1306.86	1081.64
1307.29	1073.82
1307.73	1074.46
1308.17	1081.66
1308.61	1088.54
1309.05	1085.26
1309.49	1080.87
1309.93	1085.31
1310.36	1076.86
1310.8	1087.5
1311.24	1091.84
1311.68	1092.85
1312.12	1107.19
1312.56	1118.18
1313	1114.14
1313.38	1115
1313.83	1117
1314.27	1110
1314.72	1119
1315.16	1116
1315.6	1129
1316.05	1113
1316.49	1098
1316.93	1108
1317.38	1114
1317.82	1102
1318.26	1102
1318.71	1091
1319.15	1104
1319.59	1113
1320.04	1110
1320.48	1110
1320.92	1099
1321.37	1106
1321.81	1082
1322.25	1113
1322.7	1098
1323.14	1092
1323.58	1094
1324.03	1096
1324.47	1109
1324.91	1097
1325.35	1096
1325.8	1086
1326.24	1102
1326.68	1093
1327.13	1095
1327.57	1086
1328.01	1099
1328.45	1089
1328.9	1096
1329.34	1093
1329.78	1095
1330.22	1087
1330.67	1088
1331.11	1100
1331.55	1095
1331.99	1104
1332.44	1117
1332.88	1106
1333.32	1098
1333.76	1110
1334.21	1135
1334.65	1116
1335.09	1140
1335.53	1138
1335.97	1161
1336.42	1160
1336.86	1175
1337.3	1199
1337.74	1206
1338.18	1202
1338.63	1236
1339.07	1241
1339.51	1246
1339.95	1257
1340.39	1250
1340.84	1244
1341.28	1259
1341.72	1256
1342.16	1237
1342.6	1231
1343.05	1241
1343.49	1247
1343.93	1242
1344.37	1221
1344.81	1226
1345.25	1229
1345.69	1216
1346.14	1209
1346.58	1210
1347.02	1191
1347.46	1168
1347.9	1154
1348.34	1176
1348.78	1154
1349.22	1165
1349.66	1155
1350.11	1164
1350.55	1146
1350.99	1144
1351.43	1138
1351.87	1140
1352.31	1152
1352.75	1130
1353.19	1129
1353.63	1122
1354.07	1126
1354.52	1104
1354.96	1111
1355.4	1106
1355.84	1112
1356.28	1122
1356.72	1128
1357.16	1120
1357.6	1110
1358.04	1108
1358.48	1117
1358.92	1108
1359.36	1121
1359.8	1112
1360.24	1117
1360.68	1123
1361.12	1111
1361.56	1119
1362	1123
1362.44	1121
1362.88	1112
1363.32	1114
1363.76	1116
1364.2	1114
1364.64	1116
1365.08	1121
1365.52	1104
1365.96	1111
1366.4	1098
1366.84	1099
1367.28	1091
1367.72	1106
1368.16	1103
1368.6	1094
1369.04	1103
1369.48	1092
1369.92	1106
1370.36	1105
1370.8	1120
1371.24	1101
1371.68	1108
1372.12	1117
1372.56	1116
1373	1110
1373.44	1103
1373.88	1105
1374.32	1088
1374.76	1104
1375.19	1094
1375.63	1094
1376.07	1083
1376.51	1074
1376.95	1096
1377.39	1066
1377.83	1089
1378.27	1079
1378.71	1078
1379.15	1079
1379.58	1081
1380.02	1070
1380.46	1076
1380.9	1077
1381.34	1074
1381.78	1094
1382.22	1073
1382.66	1080
1383.09	1070
1383.53	1081
1383.97	1076
1384.41	1086
1384.85	1084
1385.29	1077
1385.73	1072
1386.16	1084
1386.6	1094
1387.04	1082
1387.48	1088
1387.92	1094
1388.36	1079
1388.79	1080
1389.23	1069
1389.67	1079
1390.11	1068
1390.55	1082
1390.98	1075
1391.42	1074
1391.86	1078
1392.3	1074
1392.74	1067
1393.18	1070
1393.61	1072
1394.05	1076
1394.49	1088
1394.93	1068
1395.36	1069
1395.8	1082
1396.24	1084
1396.68	1062
1397.11	1079
1397.55	1087
1397.99	1069
1398.43	1070
1398.86	1084
1399.3	1072
1399.74	1082
1400.18	1098
1400.61	1089
1401.05	1086
1401.49	1095
1401.93	1093
1402.36	1108
1402.8	1092
1403.24	1106
1403.67	1106
1404.11	1120
1404.55	1109
1404.99	1118
1405.42	1127
1405.86	1128
1406.3	1124
1406.73	1139
1407.17	1138
1407.61	1130
1408.04	1148
1408.48	1140
1408.92	1134
1409.35	1134
1409.79	1132
1410.23	1136
1410.66	1139
1411.1	1130
1411.54	1126
1411.97	1146
1412.41	1116
1412.85	1134
1413.28	1126
1413.72	1132
1414.16	1116
1414.59	1125
1415.03	1116
1415.47	1104
1415.9	1108
1416.34	1105
1416.77	1100
1417.21	1106
1417.65	1114
1418.08	1109
1418.52	1101
1418.95	1096
1419.39	1095
1419.82	1074
1420.26	1094
1420.7	1094
1421.13	1100
1421.57	1084
1422	1086
1422.44	1070
1422.88	1089
1423.31	1078
1423.75	1084
1424.18	1093
1424.62	1078
1425.05	1074
1425.49	1074
1425.92	1070
1426.36	1074
1426.8	1078
1427.23	1078
1427.67	1072
1428.1	1066
1428.54	1076
1428.97	1072
1429.41	1073
1429.84	1080
1430.28	1077
1430.71	1073
1431.15	1074
1431.58	1080
1432.02	1072
1432.45	1071
1432.89	1062
1433.32	1074
1433.76	1074
1434.19	1067
1434.63	1080
1435.06	1079
1435.5	1074
1435.93	1062
1436.37	1083
1436.8	1068
1437.24	1087
1437.67	1083
1438.11	1087
1438.54	1078
1438.97	1086
1439.41	1094
1439.84	1082
1440.28	1095
1440.71	1078
1441.15	1076
1441.58	1088
1442.01	1080
1442.45	1084
1442.88	1098
1443.32	1088
1443.75	1089
1444.19	1092
1444.62	1086
1445.05	1081
1445.49	1087
1445.92	1094
1446.36	1100
1446.79	1089
1447.22	1096
1447.66	1102
1448.09	1103
1448.52	1113
1448.96	1110
1449.39	1108
1449.83	1128
1450.26	1124
1450.69	1122
1451.13	1140
1451.56	1149
1451.99	1158
1452.43	1182
1452.86	1194
1453.29	1212
1453.73	1282
1454.16	1338
1454.59	1390
1455.03	1424
1455.46	1428
1455.89	1447
1456.33	1398
1456.76	1360
1457.19	1328
1457.63	1242
1458.06	1214
1458.49	1207
1458.93	1186
1459.36	1176
1459.79	1166
1460.23	1157
1460.66	1148
1461.09	1146
1461.52	1144
1461.95	1135
1462.39	1136
1462.82	1142
1463.25	1148
1463.69	1137
1464.12	1120
1464.55	1142
1464.99	1122
1465.42	1126
1465.85	1126
1466.28	1130
1466.71	1122
1467.15	1125
1467.58	1121
1468.01	1121
1468.44	1123
1468.88	1111
1469.31	1123
1469.74	1129
1470.17	1124
1470.6	1118
1471.04	1134
1471.47	1119
1471.9	1138
1472.33	1132
1472.76	1125
1473.2	1119
1473.63	1126
1474.06	1126
1474.49	1127
1474.92	1106
1475.36	1097
1475.79	1108
1476.22	1104
1476.65	1096
1477.08	1084
1477.51	1086
1477.95	1098
1478.38	1088
1478.81	1088
1479.24	1077
1479.67	1086
1480.1	1090
1480.54	1078
1480.97	1070
1481.4	1080
1481.83	1073
1482.26	1076
1482.69	1064
1483.12	1077
1483.55	1083
1483.98	1080
1484.42	1072
1484.85	1078
1485.28	1074
1485.71	1080
1486.14	1078
1486.57	1066
1487	1072
1487.43	1077
1487.86	1073
1488.3	1073
1488.73	1075
1489.16	1066
1489.59	1079
1490.02	1085
1490.45	1065
1490.88	1092
1491.31	1078
1491.74	1072
1492.17	1071
1492.6	1075
1493.03	1073
1493.46	1072
1493.89	1078
1494.32	1076
1494.75	1082
1495.18	1077
1495.61	1070
1496.04	1070
1496.48	1054
1496.9	1082
1497.33	1074
1497.77	1068
1498.19	1078
1498.62	1071
1499.06	1072
1499.48	1080
1499.91	1078
1500.35	1066
1500.77	1082
1501.2	1084
1501.63	1074
1502.06	1076
1502.49	1078
1502.92	1072
1503.35	1073
1503.78	1080
1504.21	1069
1504.64	1077
1505.07	1075
1505.5	1085
1505.93	1074
1506.36	1075
1506.79	1076
1507.22	1070
1507.65	1088
1508.08	1079
1508.51	1076
1508.94	1068
1509.36	1079
1509.79	1077
1510.22	1072
1510.65	1066
1511.08	1067
1511.51	1082
1511.94	1076
1512.37	1082
1512.8	1083
1513.23	1092
1513.66	1079
1514.09	1087
1514.51	1077
1514.94	1093
1515.37	1080
1515.8	1082
1516.23	1089
1516.66	1095
1517.09	1132
1517.52	1140
1517.94	1173
1518.37	1170
1518.8	1178
1519.23	1180
1519.66	1131
1520.09	1118
1520.52	1099
1520.94	1079
1521.37	1078
1521.8	1069
1522.23	1064
1522.66	1080
1523.09	1077
1523.51	1068
1523.94	1064
1524.37	1078
1524.8	1068
1525.22	1074
1525.65	1078
1526.08	1068
1526.51	1072
1526.94	1078
1527.37	1072
1527.79	1076
1528.22	1063
1528.65	1048
1529.08	1062
1529.5	1062
1529.93	1066
1530.36	1070
1530.79	1064
1531.21	1075
1531.64	1066
1532.07	1069
1532.5	1070
1532.92	1079
1533.35	1065
1533.78	1062
1534.21	1063
1534.63	1074
1535.06	1069
1535.49	1071
1535.92	1063
1536.34	1083
1536.77	1065
1537.2	1070
1537.62	1071
1538.05	1063
1538.48	1058
1538.91	1079
1539.33	1074
1539.76	1083
1540.19	1070
1540.61	1066
1541.04	1079
1541.47	1065
1541.9	1064
1542.32	1070
1542.75	1074
1543.18	1072
1543.6	1068
1544.03	1068
1544.46	1081
1544.88	1064
1545.31	1073
1545.73	1073
1546.16	1074
1546.59	1064
1547.01	1070
1547.44	1066
1547.87	1064
1548.29	1063
1548.72	1068
1549.15	1056
1549.57	1076
1550	1076
1550.42	1071
1550.85	1066
1551.28	1077
1551.7	1084
1552.13	1080
1552.55	1066
1552.98	1071
1553.41	1062
1553.83	1068
1554.26	1066
1554.69	1082
1555.11	1068
1555.54	1062
1555.96	1076
1556.39	1075
1556.81	1077
1557.24	1078
1557.66	1077
1558.09	1088
1558.52	1072
1558.94	1067
1559.37	1087
1559.79	1084
1560.22	1084
1560.64	1079
1561.07	1074
1561.49	1083
1561.92	1072
1562.34	1078
1562.77	1073
1563.2	1074
1563.62	1075
1564.04	1073
1564.47	1076
1564.9	1070
1565.32	1074
1565.75	1087
1566.17	1068
1566.6	1070
1567.02	1075
1567.44	1074
1567.87	1079
1568.3	1081
1568.72	1086
1569.14	1071
1569.57	1075
1569.99	1081
1570.42	1082
1570.84	1083
1571.27	1075
1571.69	1078
1572.12	1070
1572.54	1080
1572.97	1074
1573.39	1082
1573.82	1065
1574.24	1076
1574.66	1084
1575.09	1090
1575.51	1080
1575.94	1074
1576.36	1077
1576.79	1075
1577.21	1074
1577.63	1081
1578.06	1083
1578.48	1090
1578.91	1085
1579.33	1082
1579.75	1093
1580.18	1072
1580.6	1084
1581.03	1080
1581.45	1087
1581.87	1082
1582.3	1080
1582.72	1080
1583.15	1093
1583.57	1087
1583.99	1082
1584.42	1076
1584.84	1088
1585.26	1089
1585.69	1084
1586.11	1080
1586.53	1089
1586.96	1083
1587.38	1088
1587.8	1080
1588.23	1084
1588.65	1075
1589.07	1075
1589.5	1084
1589.92	1076
1590.34	1084
1590.77	1080
1591.19	1068
1591.61	1079
1592.04	1077
1592.46	1085
1592.88	1076
1593.3	1066
1593.73	1079
1594.15	1074
1594.57	1080
1595	1063
1595.42	1075
1595.84	1070
1596.27	1082
1596.69	1079
1597.11	1054
1597.53	1081
1597.96	1079
1598.38	1068
1598.8	1077
1599.22	1075
1599.65	1067
1600.07	1068
1600.49	1071
1600.91	1066
1601.34	1068
1601.76	1077
1602.18	1076
1602.6	1071
1603.02	1082
1603.45	1069
1603.87	1079
1604.29	1072
1604.71	1074
1605.14	1080
1605.56	1070
1605.98	1072
1606.4	1080
1606.82	1080
1607.25	1080
1607.67	1077
1608.09	1080
1608.51	1067
1608.93	1072
1609.35	1079
1609.78	1077
1610.2	1081
1610.62	1082
1611.04	1080
1611.46	1078
1611.89	1074
1612.31	1076
1612.73	1077
1613.15	1081
1613.57	1079
1613.99	1077
1614.41	1082
1614.83	1084
1615.26	1084
1615.68	1084
1616.1	1082
1616.52	1080
1616.94	1086
1617.36	1084
1617.78	1086
1618.21	1079
1618.63	1086
1619.05	1090
1619.47	1070
1619.89	1087
1620.31	1084
1620.73	1096
1621.15	1087
1621.57	1091
1621.99	1093
1622.41	1097
1622.83	1094
1623.26	1094
1623.68	1096
1624.1	1092
1624.52	1101
1624.94	1096
1625.36	1091
1625.78	1095
1626.2	1096
1626.62	1094
1627.04	1092
1627.46	1094
1627.88	1091
1628.3	1095
1628.72	1082
1629.14	1082
1629.56	1085
1629.98	1083
1630.4	1092
1630.82	1091
1631.24	1085
1631.66	1083
1632.08	1092
1632.5	1084
1632.92	1082
1633.34	1080
1633.76	1084
1634.18	1082
1634.6	1083
1635.02	1094
1635.44	1083
1635.86	1080
1636.28	1078
1636.7	1072
1637.12	1082
1637.54	1066
1637.96	1090
1638.38	1083
1638.8	1092
1639.22	1084
1639.64	1082
1640.06	1086
1640.48	1074
1640.9	1083
1641.32	1083
1641.74	1080
1642.16	1084
1642.57	1081
1642.99	1080
1643.41	1077
1643.83	1058
1644.25	1079
1644.67	1076
1645.09	1072
1645.51	1077
1645.93	1070
1646.35	1074
1646.77	1074
1647.19	1072
1647.6	1066
1648.02	1074
1648.44	1074
1648.86	1069
1649.28	1073
1649.7	1065
1650.12	1066
1650.54	1062
1650.95	1066
1651.37	1064
1651.79	1069
1652.21	1078
1652.63	1073
1653.05	1073
1653.46	1067
1653.88	1058
1654.3	1074
1654.72	1075
1655.14	1077
1655.56	1064
1655.98	1056
1656.39	1064
1656.81	1072
1657.23	1054
1657.65	1075
1658.07	1068
1658.48	1067
1658.9	1070
1659.32	1061
1659.74	1057
1660.16	1076
1660.57	1074
1660.99	1058
1661.41	1066
1661.83	1066
1662.25	1064
1662.66	1067
1663.08	1069
1663.5	1062
1663.92	1075
1664.33	1058
1664.75	1061
1665.17	1066
1665.59	1068
1666.01	1066
1666.42	1066
1666.84	1051
1667.26	1059
1667.67	1064.88
1668.09	1058.28
1668.51	1059.19
1668.93	1074.17
1669.34	1064.12
1669.76	1062.57
1670.18	1068.29
1670.6	1070.16
1671.01	1059.2
1671.43	1058.48
1671.85	1061.42
1672.26	1063.32
1672.68	1062.7
1673.1	1068.76
1673.51	1050.98
1673.93	1058.33
1674.35	1063.25
1674.77	1055.16
1675.18	1055.66
1675.6	1057.41
1676.02	1052.14
1676.43	1063.52
1676.85	1057.84
1677.27	1059.03
1677.68	1060.47
1678.1	1057.76
1678.52	1055.51
1678.93	1053.68
1679.35	1061.1
1679.77	1057.47
1680.18	1062.39
1680.6	1057.81
1681.01	1059.63
1681.43	1051.31
1681.85	1064.04
1682.26	1059.7
1682.68	1054.29
1683.1	1061.74
1683.51	1064.97
1683.93	1062.01
1684.35	1060.03
1684.76	1061.06
1685.18	1062.52
1685.59	1061.93
1686.01	1052.26
1686.43	1054.64
1686.84	1059.06
1687.26	1062.37
1687.67	1063.39
1688.09	1058.5
1688.5	1059.01
1688.92	1056.87
1689.34	1063.16
1689.75	1061.17
1690.17	1057.21
1690.58	1056.88
1691	1053.47
1691.42	1052.53
1691.83	1054.56
1692.24	1061.96
1692.66	1057.65
1693.08	1060.57
1693.49	1056.2
1693.91	1059.49
1694.32	1056.78
1694.74	1057.7
1695.15	1062.11
1695.57	1061.26
1695.98	1058.16
1696.4	1054.19
1696.81	1060.09
1697.23	1065.13
1697.64	1057.15
1698.06	1050.83
1698.48	1057.48
1698.89	1057.81
1699.3	1056.96
1699.72	1055.16
1700.14	1057.42
1700.55	1060.53
1700.97	1057.74
1701.38	1057.36
1701.79	1052.52
1702.21	1061.83
1702.62	1059.68
1703.04	1054.31
1703.45	1062.09
1703.87	1064.94
1704.28	1065.92
1704.7	1060.71
1705.11	1056.71
1705.53	1055.34
1705.94	1052.27
1706.35	1061.38
1706.77	1057.94
1707.18	1044.49
1707.6	1059.2
1708.01	1055.78
1708.43	1063.06
1708.84	1052.94
1709.24	1068
1709.66	1044
1710.08	1052
1710.5	1064
1710.92	1061
1711.33	1054
1711.75	1057
1712.17	1062
1712.59	1063
1713.01	1062
1713.43	1057
1713.85	1060
1714.27	1054
1714.69	1053
1715.11	1056
1715.53	1060
1715.95	1055
1716.37	1058
1716.78	1060
1717.2	1063
1717.62	1052
1718.04	1058
1718.46	1053
1718.88	1049
1719.3	1044
1719.72	1054
1720.13	1054
1720.55	1054
1720.97	1058
1721.39	1048
1721.81	1056
1722.23	1052
1722.65	1055
1723.06	1055
1723.48	1058
1723.9	1060
1724.32	1059
1724.74	1059
1725.16	1054
1725.57	1055
1725.99	1065
1726.41	1054
1726.83	1054
1727.25	1052
1727.66	1063
1728.08	1060
1728.5	1058
1728.92	1058
1729.34	1062
1729.76	1048
1730.17	1060
1730.59	1065
1731.01	1063
1731.43	1051
1731.85	1051
1732.26	1060
1732.68	1050
1733.1	1046
1733.52	1060
1733.93	1061
1734.35	1056
1734.77	1061
1735.19	1057
1735.6	1056
1736.02	1053
1736.44	1056
1736.86	1061
1737.27	1057
1737.69	1055
1738.11	1062
1738.53	1056
1738.94	1042
1739.36	1060
1739.78	1052
1740.19	1050
1740.61	1056
1741.03	1051
1741.45	1062
1741.86	1058
1742.28	1056
1742.7	1052
1743.11	1064
1743.53	1063
1743.95	1055
1744.37	1058
1744.78	1061
1745.2	1063
1745.62	1052
1746.03	1056
1746.45	1042
1746.87	1058
1747.28	1055
1747.7	1050
1748.12	1060
1748.53	1063
1748.95	1052
1749.37	1052
1749.78	1048
1750.2	1050
1750.62	1058
1751.03	1050
1751.45	1054
1751.86	1063
1752.28	1055
1752.7	1051
1753.11	1067
1753.53	1059
1753.95	1058
1754.36	1062
1754.78	1058
1755.19	1055
1755.61	1052
1756.03	1054
1756.44	1061
1756.86	1042
1757.27	1056
1757.69	1048
1758.11	1060
1758.52	1060
1758.94	1054
1759.35	1060
1759.77	1052
1760.18	1053
1760.6	1058
1761.02	1054
1761.43	1062
1761.85	1054
1762.26	1057
1762.68	1056
1763.1	1055
1763.51	1059
1763.93	1055
1764.34	1052
1764.76	1054
1765.17	1064
1765.59	1058
1766	1053
1766.42	1044
1766.83	1065
1767.25	1061
1767.66	1057
1768.08	1051
1768.49	1056
1768.91	1048
1769.32	1064
1769.74	1056
1770.16	1064
1770.57	1058
1770.98	1056
1771.4	1056
1771.82	1054
1772.23	1052
1772.64	1057
1773.06	1054
1773.47	1064
1773.89	1058
1774.3	1050
1774.72	1042
1775.13	1050
1775.55	1064
1775.96	1058
1776.38	1052
1776.79	1056
1777.21	1060
1777.62	1056
1778.03	1059
1778.45	1058
1778.86	1050
1779.28	1050
1779.69	1055
1780.11	1058
1780.52	1052
1780.94	1053
1781.35	1058
1781.76	1059
1782.18	1057
1782.59	1055
1783.01	1062
1783.42	1053
1783.83	1052
1784.25	1055
1784.66	1050
1785.08	1058
1785.49	1046
1785.9	1056
1786.32	1061
1786.73	1058
1787.14	1054
1787.56	1048
1787.97	1054
1788.39	1051
1788.8	1060
1789.21	1061
1789.63	1048
1790.04	1052
1790.45	1054
1790.87	1058
1791.28	1052
1791.69	1051
1792.11	1048
1792.52	1056
1792.93	1046
1793.35	1056
1793.76	1057
1794.17	1046
1794.59	1069
1795	1058
1795.41	1052
1795.83	1050
1796.24	1058
1796.65	1054
1797.07	1056
1797.48	1059
1797.89	1058
1798.31	1065
1798.72	1047
1799.13	1056
1799.54	1060
1799.96	1064
1800.37	1059
1800.78	1054
1801.19	1067
1801.61	1056
1802.02	1052
1802.43	1058
1802.84	1056
1803.26	1066
1803.67	1049
1804.08	1053
1804.5	1058
1804.91	1052
1805.32	1063
1805.73	1058
1806.15	1058
1806.56	1044
1806.97	1062
1807.38	1057
1807.8	1052
1808.21	1062
1808.62	1064
1809.03	1038
1809.44	1054
1809.86	1055
1810.27	1056
1810.68	1056
1811.09	1052
1811.5	1064
1811.92	1055
1812.33	1049
1812.74	1057
1813.15	1053
1813.56	1052
1813.98	1055
1814.39	1065
1814.8	1062
1815.21	1065
1815.62	1053
1816.03	1056
1816.45	1056
1816.86	1050
1817.27	1066
1817.68	1051
1818.09	1046
1818.5	1063
1818.91	1064
1819.33	1060
1819.74	1054
1820.15	1061
1820.56	1062
1820.97	1055
1821.38	1055
1821.79	1042
1822.21	1051
1822.62	1052
1823.03	1060
1823.44	1061
1823.85	1054
1824.26	1061
1824.67	1051
1825.08	1051
1825.49	1054
1825.9	1053
1826.32	1052
1826.73	1058
1827.14	1067
1827.55	1054
1827.96	1052
1828.37	1049
1828.78	1054
1829.19	1060
1829.6	1056
1830.01	1046
1830.42	1047
1830.83	1056
1831.24	1055
1831.65	1059
1832.06	1057
1832.48	1054
1832.89	1048
1833.3	1058
1833.71	1057
1834.12	1059
1834.53	1056
1834.94	1047
1835.35	1053
1835.76	1061
1836.17	1049
1836.58	1060
1836.99	1055
1837.4	1050
1837.81	1062
1838.22	1056
1838.63	1057
1839.04	1048
1839.45	1058
1839.86	1048
1840.27	1056
1840.68	1048
1841.09	1051
1841.5	1055
1841.91	1053
1842.32	1064
1842.73	1056
1843.14	1050
1843.55	1062
1843.96	1046
1844.36	1066
1844.77	1061
1845.18	1046
1845.59	1050
1846	1044
1846.41	1054
1846.82	1054
1847.23	1068
1847.64	1056
1848.05	1058
1848.46	1050
1848.87	1055
1849.28	1052
1849.69	1051
1850.1	1060
1850.5	1044
1850.91	1065
1851.32	1056
1851.73	1054
1852.14	1050
1852.55	1052
1852.96	1052
1853.37	1063
1853.78	1053
1854.19	1055
1854.59	1059
1855	1062
1855.41	1058
1855.82	1058
1856.23	1054
1856.64	1062
1857.05	1061
1857.46	1044
1857.86	1058
1858.27	1054
1858.68	1058
1859.09	1053
1859.5	1056
1859.91	1048
1860.32	1066
1860.72	1046
1861.13	1058
1861.54	1065
1861.95	1064
1862.36	1058
1862.77	1053
1863.17	1064
1863.58	1058
1863.99	1046
1864.4	1054
1864.81	1050
1865.21	1050
1865.62	1054
1866.03	1060
1866.44	1053
1866.85	1042
1867.25	1060
1867.66	1059
1868.07	1058
1868.48	1065
1868.88	1058
1869.29	1058
1869.7	1057
1870.11	1060
1870.52	1055
1870.92	1062
1871.33	1052
1871.74	1059
1872.15	1060
1872.55	1058
1872.96	1064
1873.37	1058
1873.78	1060
1874.18	1057
1874.59	1052
1875	1052
1875.41	1049
1875.81	1053
1876.22	1058
1876.63	1059
1877.03	1048
1877.44	1056
1877.85	1056
1878.26	1062
1878.66	1060
1879.07	1060
1879.48	1056
1879.88	1057
1880.29	1046
1880.7	1064
1881.1	1064
1881.51	1054
1881.92	1056
1882.32	1055
1882.73	1059
1883.14	1066
1883.54	1056
1883.95	1048
1884.36	1060
1884.77	1058
1885.17	1053
1885.58	1048
1885.98	1052
1886.39	1053
1886.8	1054
1887.2	1054
1887.61	1048
1888.02	1058
1888.42	1062
1888.83	1054
1889.24	1060
1889.64	1060
1890.05	1052
1890.45	1048
1890.86	1056
1891.27	1058
1891.67	1047
1892.08	1045
1892.48	1056
1892.89	1059
1893.3	1050
1893.7	1066
1894.11	1056
1894.51	1051
1894.92	1055
1895.33	1054
1895.73	1055
1896.14	1054
1896.54	1056
1896.95	1057
1897.35	1066
1897.76	1056
1898.17	1050
1898.57	1052
1898.98	1048
1899.38	1061
1899.79	1057
1900.19	1057
1900.6	1055
1901	1058
1901.41	1068
1901.81	1055
1902.22	1056
1902.63	1063
1903.03	1052
1903.44	1059
1903.84	1050
1904.25	1067
1904.65	1050
1905.06	1049
1905.46	1057
1905.87	1053
1906.27	1050
1906.68	1042
1907.08	1052
1907.49	1056
1907.89	1058
1908.3	1055
1908.7	1052
1909.11	1061
1909.51	1049
1909.92	1054
1910.32	1064
1910.72	1053
1911.13	1054
1911.53	1054
1911.94	1058
1912.34	1055
1912.75	1054
1913.15	1053
1913.56	1058
1913.96	1053
1914.37	1056
1914.77	1050
1915.17	1054
1915.58	1056
1915.98	1051
1916.39	1062
1916.79	1050
1917.2	1059
1917.6	1055
1918	1056
1918.41	1056
1918.81	1044
1919.22	1060
1919.62	1056
1920.02	1058
1920.43	1060
1920.83	1057
1921.24	1050
1921.64	1050
1922.04	1057
1922.45	1054
1922.85	1057
1923.26	1050
1923.66	1070
1924.06	1046
1924.47	1050
1924.87	1050
1925.27	1058
1925.68	1048
1926.08	1052
1926.48	1057
1926.89	1052
1927.29	1053
1927.69	1052
1928.1	1059
1928.5	1048
1928.91	1060
1929.31	1052
1929.71	1063
1930.11	1058
1930.52	1044
1930.92	1059
1931.32	1054
1931.73	1050
1932.13	1052
1932.53	1060
1932.94	1052
1933.34	1068
1933.74	1042
1934.15	1051
1934.55	1052
1934.95	1049
1935.35	1056
1935.76	1056
1936.16	1048
1936.56	1059
1936.97	1064
1937.37	1056
1937.77	1052
1938.17	1044
1938.58	1054
1938.98	1058
1939.38	1052
1939.78	1056
1940.19	1046
1940.59	1058
1940.99	1056
1941.39	1052
1941.8	1047
1942.2	1058
1942.6	1055
1943	1044
1943.41	1056
1943.81	1058
1944.21	1060
1944.61	1046
1945.01	1054
1945.42	1057
1945.82	1046
1946.22	1056
1946.62	1054
1947.02	1055
1947.43	1054
1947.83	1048
1948.23	1062
1948.63	1054
1949.03	1042
1949.44	1056
1949.84	1055
1950.24	1049
1950.64	1052
1951.04	1049
1951.44	1055
1951.85	1049
1952.25	1057
1952.65	1060
1953.05	1054
1953.45	1058
1953.85	1050
1954.26	1057
1954.66	1048
1955.06	1050
1955.46	1054
1955.86	1050
1956.26	1049
1956.66	1045
1957.07	1050
1957.47	1053
1957.87	1070
1958.27	1062
1958.67	1051
1959.07	1048
1959.47	1048
1959.87	1057
1960.27	1054
1960.68	1048
1961.08	1062
1961.48	1058
1961.88	1048
1962.28	1062
1962.68	1052
1963.08	1059
1963.48	1056
1963.88	1061
1964.28	1057
1964.68	1060
1965.09	1051
1965.49	1049
1965.89	1059
1966.29	1056
1966.69	1055
1967.09	1050
1967.49	1058
1967.89	1053
1968.29	1051
1968.69	1062
1969.09	1042
1969.49	1055
1969.89	1056
1970.29	1055
1970.69	1056
1971.09	1052
1971.49	1062
1971.89	1048
1972.29	1059
1972.69	1057
1973.09	1059
1973.49	1056
1973.89	1058
1974.29	1054
1974.69	1066
1975.09	1049
1975.49	1059
1975.89	1054
1976.29	1054
1976.69	1063
1977.09	1061
1977.49	1058
1977.89	1060
1978.29	1061
1978.69	1061
1979.09	1049
1979.49	1054
1979.89	1054
1980.29	1052
1980.69	1040
1981.09	1055
1981.49	1040
1981.89	1056
1982.29	1055
1982.69	1044
1983.08	1053
1983.48	1046
1983.88	1059
1984.28	1057
1984.68	1064
1985.08	1058
1985.48	1061
1985.88	1063
1986.28	1057
1986.68	1048
1987.08	1062
1987.47	1044
1987.87	1058
1988.27	1050
1988.67	1056
1989.07	1040
1989.47	1061
1989.87	1047
1990.27	1064
1990.67	1060
1991.06	1054
1991.46	1051
1991.86	1062
1992.26	1047
1992.66	1061
1993.06	1056
1993.46	1050
1993.86	1064
1994.25	1061
1994.65	1062
1995.05	1044
1995.45	1052
1995.85	1049
1996.25	1060
1996.64	1048
1997.04	1048
1997.44	1048
1997.84	1046
1998.24	1051
1998.64	1050
1999.03	1062
1999.43	1060
1999.83	1048
